Time, Coverage (m3), Coverage (%), Free space, Occupied Space, Unmapped Space
8.015, 257.384, 8.04325, 187.904, 69.48, 2942.62
10.95, 257.384, 8.04325, 187.904, 69.48, 2942.62
13.945, 281.544, 8.79825, 205.944, 75.6, 2918.46
13.945, 281.544, 8.79825, 205.944, 75.6, 2918.46
13.945, 281.544, 8.79825, 205.944, 75.6, 2918.46
13.945, 281.544, 8.79825, 205.944, 75.6, 2918.46
13.945, 281.544, 8.79825, 205.944, 75.6, 2918.46
13.945, 281.544, 8.79825, 205.944, 75.6, 2918.46
14.948, 312.6, 9.76875, 229.36, 83.24, 2887.4
14.948, 312.6, 9.76875, 229.36, 83.24, 2887.4
14.948, 312.6, 9.76875, 229.36, 83.24, 2887.4
14.948, 312.6, 9.76875, 229.36, 83.24, 2887.4
14.948, 312.6, 9.76875, 229.36, 83.24, 2887.4
14.948, 312.6, 9.76875, 229.36, 83.24, 2887.4
15.946, 344.8, 10.775, 254.24, 90.56, 2855.2
15.946, 344.8, 10.775, 254.24, 90.56, 2855.2
15.946, 344.8, 10.775, 254.24, 90.56, 2855.2
15.946, 344.8, 10.775, 254.24, 90.56, 2855.2
15.946, 344.8, 10.775, 254.24, 90.56, 2855.2
16.946, 379.456, 11.858, 282.288, 97.168, 2820.54
16.946, 379.456, 11.858, 282.288, 97.168, 2820.54
16.946, 379.456, 11.858, 282.288, 97.168, 2820.54
16.946, 379.456, 11.858, 282.288, 97.168, 2820.54
16.946, 379.456, 11.858, 282.288, 97.168, 2820.54
16.946, 379.456, 11.858, 282.288, 97.168, 2820.54
17.946, 410.648, 12.8327, 308.792, 101.856, 2789.35
17.946, 410.648, 12.8327, 308.792, 101.856, 2789.35
17.946, 410.648, 12.8327, 308.792, 101.856, 2789.35
17.946, 410.648, 12.8327, 308.792, 101.856, 2789.35
17.946, 410.648, 12.8327, 308.792, 101.856, 2789.35
18.947, 430.232, 13.4447, 323.816, 106.416, 2769.77
18.947, 430.232, 13.4447, 323.816, 106.416, 2769.77
18.947, 430.232, 13.4447, 323.816, 106.416, 2769.77
18.947, 430.232, 13.4447, 323.816, 106.416, 2769.77
18.947, 430.232, 13.4447, 323.816, 106.416, 2769.77
19.947, 466.96, 14.5925, 353.408, 113.552, 2733.04
19.947, 466.96, 14.5925, 353.408, 113.552, 2733.04
19.947, 466.96, 14.5925, 353.408, 113.552, 2733.04
19.947, 466.96, 14.5925, 353.408, 113.552, 2733.04
19.947, 466.96, 14.5925, 353.408, 113.552, 2733.04
19.947, 466.96, 14.5925, 353.408, 113.552, 2733.04
20.947, 496.904, 15.5282, 378.624, 118.28, 2703.1
20.947, 496.904, 15.5282, 378.624, 118.28, 2703.1
20.947, 496.904, 15.5282, 378.624, 118.28, 2703.1
20.947, 496.904, 15.5282, 378.624, 118.28, 2703.1
20.947, 496.904, 15.5282, 378.624, 118.28, 2703.1
21.946, 517.832, 16.1822, 397.08, 120.752, 2682.17
21.946, 517.832, 16.1822, 397.08, 120.752, 2682.17
21.946, 517.832, 16.1822, 397.08, 120.752, 2682.17
21.946, 517.832, 16.1822, 397.08, 120.752, 2682.17
21.946, 517.832, 16.1822, 397.08, 120.752, 2682.17
21.946, 517.832, 16.1822, 397.08, 120.752, 2682.17
22.946, 535.824, 16.7445, 412.6, 123.224, 2664.18
22.946, 535.824, 16.7445, 412.6, 123.224, 2664.18
22.946, 535.824, 16.7445, 412.6, 123.224, 2664.18
22.946, 535.824, 16.7445, 412.6, 123.224, 2664.18
22.946, 535.824, 16.7445, 412.6, 123.224, 2664.18
23.945, 550.248, 17.1952, 425.104, 125.144, 2649.75
23.945, 550.248, 17.1952, 425.104, 125.144, 2649.75
23.945, 550.248, 17.1952, 425.104, 125.144, 2649.75
23.945, 550.248, 17.1952, 425.104, 125.144, 2649.75
23.945, 550.248, 17.1952, 425.104, 125.144, 2649.75
23.945, 550.248, 17.1952, 425.104, 125.144, 2649.75
24.945, 566.672, 17.7085, 439.728, 126.944, 2633.33
24.945, 566.672, 17.7085, 439.728, 126.944, 2633.33
24.945, 566.672, 17.7085, 439.728, 126.944, 2633.33
24.945, 566.672, 17.7085, 439.728, 126.944, 2633.33
24.945, 566.672, 17.7085, 439.728, 126.944, 2633.33
24.945, 566.672, 17.7085, 439.728, 126.944, 2633.33
25.947, 579.808, 18.119, 450.84, 128.968, 2620.19
25.947, 579.808, 18.119, 450.84, 128.968, 2620.19
25.947, 579.808, 18.119, 450.84, 128.968, 2620.19
25.947, 579.808, 18.119, 450.84, 128.968, 2620.19
25.947, 579.808, 18.119, 450.84, 128.968, 2620.19
26.946, 592.072, 18.5022, 462.2, 129.872, 2607.93
26.946, 592.072, 18.5022, 462.2, 129.872, 2607.93
26.946, 592.072, 18.5022, 462.2, 129.872, 2607.93
26.946, 592.072, 18.5022, 462.2, 129.872, 2607.93
26.946, 592.072, 18.5022, 462.2, 129.872, 2607.93
27.945, 619.584, 19.362, 485.12, 134.464, 2580.42
27.945, 619.584, 19.362, 485.12, 134.464, 2580.42
27.945, 619.584, 19.362, 485.12, 134.464, 2580.42
27.945, 619.584, 19.362, 485.12, 134.464, 2580.42
27.945, 619.584, 19.362, 485.12, 134.464, 2580.42
27.945, 619.584, 19.362, 485.12, 134.464, 2580.42
28.946, 646.336, 20.198, 508.6, 137.736, 2553.66
28.946, 646.336, 20.198, 508.6, 137.736, 2553.66
28.946, 646.336, 20.198, 508.6, 137.736, 2553.66
28.946, 646.336, 20.198, 508.6, 137.736, 2553.66
28.946, 646.336, 20.198, 508.6, 137.736, 2553.66
29.946, 659.68, 20.615, 520.416, 139.264, 2540.32
29.946, 659.68, 20.615, 520.416, 139.264, 2540.32
29.946, 659.68, 20.615, 520.416, 139.264, 2540.32
29.946, 659.68, 20.615, 520.416, 139.264, 2540.32
29.946, 659.68, 20.615, 520.416, 139.264, 2540.32
30.947, 674.016, 21.063, 532.2, 141.816, 2525.98
30.947, 674.016, 21.063, 532.2, 141.816, 2525.98
30.947, 674.016, 21.063, 532.2, 141.816, 2525.98
30.947, 674.016, 21.063, 532.2, 141.816, 2525.98
30.947, 674.016, 21.063, 532.2, 141.816, 2525.98
31.945, 694.144, 21.692, 548.088, 146.056, 2505.86
31.945, 694.144, 21.692, 548.088, 146.056, 2505.86
31.945, 694.144, 21.692, 548.088, 146.056, 2505.86
31.945, 694.144, 21.692, 548.088, 146.056, 2505.86
31.945, 694.144, 21.692, 548.088, 146.056, 2505.86
32.946, 717.76, 22.43, 565.712, 152.048, 2482.24
32.946, 717.76, 22.43, 565.712, 152.048, 2482.24
32.946, 717.76, 22.43, 565.712, 152.048, 2482.24
32.946, 717.76, 22.43, 565.712, 152.048, 2482.24
32.946, 717.76, 22.43, 565.712, 152.048, 2482.24
33.945, 745.064, 23.2832, 588.44, 156.624, 2454.94
33.945, 745.064, 23.2832, 588.44, 156.624, 2454.94
33.945, 745.064, 23.2832, 588.44, 156.624, 2454.94
33.945, 745.064, 23.2832, 588.44, 156.624, 2454.94
33.945, 745.064, 23.2832, 588.44, 156.624, 2454.94
34.945, 764.728, 23.8977, 605.416, 159.312, 2435.27
34.945, 764.728, 23.8977, 605.416, 159.312, 2435.27
34.945, 764.728, 23.8977, 605.416, 159.312, 2435.27
34.945, 764.728, 23.8977, 605.416, 159.312, 2435.27
34.945, 764.728, 23.8977, 605.416, 159.312, 2435.27
35.945, 780.632, 24.3948, 620.136, 160.496, 2419.37
35.945, 780.632, 24.3948, 620.136, 160.496, 2419.37
35.945, 780.632, 24.3948, 620.136, 160.496, 2419.37
35.945, 780.632, 24.3948, 620.136, 160.496, 2419.37
35.945, 780.632, 24.3948, 620.136, 160.496, 2419.37
36.947, 791.032, 24.7198, 629.672, 161.36, 2408.97
36.947, 791.032, 24.7198, 629.672, 161.36, 2408.97
36.947, 791.032, 24.7198, 629.672, 161.36, 2408.97
36.947, 791.032, 24.7198, 629.672, 161.36, 2408.97
36.947, 791.032, 24.7198, 629.672, 161.36, 2408.97
37.946, 812.304, 25.3845, 647.584, 164.72, 2387.7
37.946, 812.304, 25.3845, 647.584, 164.72, 2387.7
37.946, 812.304, 25.3845, 647.584, 164.72, 2387.7
37.946, 812.304, 25.3845, 647.584, 164.72, 2387.7
37.946, 812.304, 25.3845, 647.584, 164.72, 2387.7
37.946, 812.304, 25.3845, 647.584, 164.72, 2387.7
38.945, 824.304, 25.7595, 657.768, 166.536, 2375.7
38.945, 824.304, 25.7595, 657.768, 166.536, 2375.7
38.945, 824.304, 25.7595, 657.768, 166.536, 2375.7
38.945, 824.304, 25.7595, 657.768, 166.536, 2375.7
38.945, 824.304, 25.7595, 657.768, 166.536, 2375.7
38.945, 824.304, 25.7595, 657.768, 166.536, 2375.7
39.95, 844.52, 26.3913, 673.776, 170.744, 2355.48
39.95, 844.52, 26.3913, 673.776, 170.744, 2355.48
39.95, 844.52, 26.3913, 673.776, 170.744, 2355.48
39.95, 844.52, 26.3913, 673.776, 170.744, 2355.48
39.95, 844.52, 26.3913, 673.776, 170.744, 2355.48
40.947, 868.496, 27.1405, 693.872, 174.624, 2331.5
40.947, 868.496, 27.1405, 693.872, 174.624, 2331.5
40.947, 868.496, 27.1405, 693.872, 174.624, 2331.5
40.947, 868.496, 27.1405, 693.872, 174.624, 2331.5
40.947, 868.496, 27.1405, 693.872, 174.624, 2331.5
40.947, 868.496, 27.1405, 693.872, 174.624, 2331.5
41.945, 883.92, 27.6225, 707.632, 176.288, 2316.08
41.945, 883.92, 27.6225, 707.632, 176.288, 2316.08
41.945, 883.92, 27.6225, 707.632, 176.288, 2316.08
41.945, 883.92, 27.6225, 707.632, 176.288, 2316.08
41.945, 883.92, 27.6225, 707.632, 176.288, 2316.08
42.945, 903.472, 28.2335, 723.848, 179.624, 2296.53
42.945, 903.472, 28.2335, 723.848, 179.624, 2296.53
42.945, 903.472, 28.2335, 723.848, 179.624, 2296.53
42.945, 903.472, 28.2335, 723.848, 179.624, 2296.53
42.945, 903.472, 28.2335, 723.848, 179.624, 2296.53
43.946, 915.848, 28.6203, 735.496, 180.352, 2284.15
43.946, 915.848, 28.6203, 735.496, 180.352, 2284.15
43.946, 915.848, 28.6203, 735.496, 180.352, 2284.15
43.946, 915.848, 28.6203, 735.496, 180.352, 2284.15
43.946, 915.848, 28.6203, 735.496, 180.352, 2284.15
44.945, 927.576, 28.9868, 744.96, 182.616, 2272.42
44.945, 927.576, 28.9868, 744.96, 182.616, 2272.42
44.945, 927.576, 28.9868, 744.96, 182.616, 2272.42
44.945, 927.576, 28.9868, 744.96, 182.616, 2272.42
44.945, 927.576, 28.9868, 744.96, 182.616, 2272.42
44.945, 927.576, 28.9868, 744.96, 182.616, 2272.42
45.945, 935.56, 29.2363, 751.872, 183.688, 2264.44
45.945, 935.56, 29.2363, 751.872, 183.688, 2264.44
45.945, 935.56, 29.2363, 751.872, 183.688, 2264.44
45.945, 935.56, 29.2363, 751.872, 183.688, 2264.44
45.945, 935.56, 29.2363, 751.872, 183.688, 2264.44
46.946, 946.408, 29.5753, 760.984, 185.424, 2253.59
46.946, 946.408, 29.5753, 760.984, 185.424, 2253.59
46.946, 946.408, 29.5753, 760.984, 185.424, 2253.59
46.946, 946.408, 29.5753, 760.984, 185.424, 2253.59
46.946, 946.408, 29.5753, 760.984, 185.424, 2253.59
46.946, 946.408, 29.5753, 760.984, 185.424, 2253.59
47.945, 959.816, 29.9943, 772.784, 187.032, 2240.18
47.945, 959.816, 29.9943, 772.784, 187.032, 2240.18
47.945, 959.816, 29.9943, 772.784, 187.032, 2240.18
47.945, 959.816, 29.9943, 772.784, 187.032, 2240.18
47.945, 959.816, 29.9943, 772.784, 187.032, 2240.18
48.946, 971.024, 30.3445, 782.496, 188.528, 2228.98
48.946, 971.024, 30.3445, 782.496, 188.528, 2228.98
48.946, 971.024, 30.3445, 782.496, 188.528, 2228.98
48.946, 971.024, 30.3445, 782.496, 188.528, 2228.98
48.946, 971.024, 30.3445, 782.496, 188.528, 2228.98
49.945, 975.968, 30.499, 786.536, 189.432, 2224.03
49.945, 975.968, 30.499, 786.536, 189.432, 2224.03
49.945, 975.968, 30.499, 786.536, 189.432, 2224.03
49.945, 975.968, 30.499, 786.536, 189.432, 2224.03
49.945, 975.968, 30.499, 786.536, 189.432, 2224.03
50.945, 990.448, 30.9515, 798.4, 192.048, 2209.55
50.945, 990.448, 30.9515, 798.4, 192.048, 2209.55
50.945, 990.448, 30.9515, 798.4, 192.048, 2209.55
50.945, 990.448, 30.9515, 798.4, 192.048, 2209.55
50.945, 990.448, 30.9515, 798.4, 192.048, 2209.55
50.945, 990.448, 30.9515, 798.4, 192.048, 2209.55
51.945, 1001.19, 31.2873, 807.648, 193.544, 2198.81
51.945, 1001.19, 31.2873, 807.648, 193.544, 2198.81
51.945, 1001.19, 31.2873, 807.648, 193.544, 2198.81
51.945, 1001.19, 31.2873, 807.648, 193.544, 2198.81
51.945, 1001.19, 31.2873, 807.648, 193.544, 2198.81
52.95, 1023.41, 31.9815, 828.448, 194.96, 2176.59
52.95, 1023.41, 31.9815, 828.448, 194.96, 2176.59
52.95, 1023.41, 31.9815, 828.448, 194.96, 2176.59
52.95, 1023.41, 31.9815, 828.448, 194.96, 2176.59
52.95, 1023.41, 31.9815, 828.448, 194.96, 2176.59
52.95, 1023.41, 31.9815, 828.448, 194.96, 2176.59
53.945, 1038.28, 32.4463, 842.36, 195.92, 2161.72
53.945, 1038.28, 32.4463, 842.36, 195.92, 2161.72
53.945, 1038.28, 32.4463, 842.36, 195.92, 2161.72
53.945, 1038.28, 32.4463, 842.36, 195.92, 2161.72
53.945, 1038.28, 32.4463, 842.36, 195.92, 2161.72
53.945, 1038.28, 32.4463, 842.36, 195.92, 2161.72
54.945, 1054.82, 32.9633, 856.12, 198.704, 2145.18
54.945, 1054.82, 32.9633, 856.12, 198.704, 2145.18
54.945, 1054.82, 32.9633, 856.12, 198.704, 2145.18
54.945, 1054.82, 32.9633, 856.12, 198.704, 2145.18
54.945, 1054.82, 32.9633, 856.12, 198.704, 2145.18
55.947, 1059.65, 33.114, 860.808, 198.84, 2140.35
55.947, 1059.65, 33.114, 860.808, 198.84, 2140.35
55.947, 1059.65, 33.114, 860.808, 198.84, 2140.35
55.947, 1059.65, 33.114, 860.808, 198.84, 2140.35
55.947, 1059.65, 33.114, 860.808, 198.84, 2140.35
55.947, 1059.65, 33.114, 860.808, 198.84, 2140.35
56.945, 1067.54, 33.3608, 866.8, 200.744, 2132.46
56.945, 1067.54, 33.3608, 866.8, 200.744, 2132.46
56.945, 1067.54, 33.3608, 866.8, 200.744, 2132.46
56.945, 1067.54, 33.3608, 866.8, 200.744, 2132.46
56.945, 1067.54, 33.3608, 866.8, 200.744, 2132.46
57.949, 1092.34, 34.1358, 887.744, 204.6, 2107.66
57.949, 1092.34, 34.1358, 887.744, 204.6, 2107.66
57.949, 1092.34, 34.1358, 887.744, 204.6, 2107.66
57.949, 1092.34, 34.1358, 887.744, 204.6, 2107.66
57.949, 1092.34, 34.1358, 887.744, 204.6, 2107.66
58.946, 1106.93, 34.5915, 900.04, 206.888, 2093.07
58.946, 1106.93, 34.5915, 900.04, 206.888, 2093.07
58.946, 1106.93, 34.5915, 900.04, 206.888, 2093.07
58.946, 1106.93, 34.5915, 900.04, 206.888, 2093.07
58.946, 1106.93, 34.5915, 900.04, 206.888, 2093.07
58.946, 1106.93, 34.5915, 900.04, 206.888, 2093.07
59.947, 1119.14, 34.9733, 910.208, 208.936, 2080.86
59.947, 1119.14, 34.9733, 910.208, 208.936, 2080.86
59.947, 1119.14, 34.9733, 910.208, 208.936, 2080.86
59.947, 1119.14, 34.9733, 910.208, 208.936, 2080.86
59.947, 1119.14, 34.9733, 910.208, 208.936, 2080.86
60.947, 1126.27, 35.196, 916.344, 209.928, 2073.73
60.947, 1126.27, 35.196, 916.344, 209.928, 2073.73
60.947, 1126.27, 35.196, 916.344, 209.928, 2073.73
60.947, 1126.27, 35.196, 916.344, 209.928, 2073.73
60.947, 1126.27, 35.196, 916.344, 209.928, 2073.73
61.946, 1143.3, 35.7283, 931.824, 211.48, 2056.7
61.946, 1143.3, 35.7283, 931.824, 211.48, 2056.7
61.946, 1143.3, 35.7283, 931.824, 211.48, 2056.7
61.946, 1143.3, 35.7283, 931.824, 211.48, 2056.7
61.946, 1143.3, 35.7283, 931.824, 211.48, 2056.7
62.946, 1154.05, 36.064, 940.808, 213.24, 2045.95
62.946, 1154.05, 36.064, 940.808, 213.24, 2045.95
62.946, 1154.05, 36.064, 940.808, 213.24, 2045.95
62.946, 1154.05, 36.064, 940.808, 213.24, 2045.95
62.946, 1154.05, 36.064, 940.808, 213.24, 2045.95
62.946, 1154.05, 36.064, 940.808, 213.24, 2045.95
63.946, 1162.46, 36.327, 947.344, 215.12, 2037.54
63.946, 1162.46, 36.327, 947.344, 215.12, 2037.54
63.946, 1162.46, 36.327, 947.344, 215.12, 2037.54
63.946, 1162.46, 36.327, 947.344, 215.12, 2037.54
63.946, 1162.46, 36.327, 947.344, 215.12, 2037.54
63.946, 1162.46, 36.327, 947.344, 215.12, 2037.54
64.945, 1174.05, 36.689, 956.144, 217.904, 2025.95
64.945, 1174.05, 36.689, 956.144, 217.904, 2025.95
64.945, 1174.05, 36.689, 956.144, 217.904, 2025.95
64.945, 1174.05, 36.689, 956.144, 217.904, 2025.95
64.945, 1174.05, 36.689, 956.144, 217.904, 2025.95
65.946, 1191.49, 37.234, 971.984, 219.504, 2008.51
65.946, 1191.49, 37.234, 971.984, 219.504, 2008.51
65.946, 1191.49, 37.234, 971.984, 219.504, 2008.51
65.946, 1191.49, 37.234, 971.984, 219.504, 2008.51
65.946, 1191.49, 37.234, 971.984, 219.504, 2008.51
65.946, 1191.49, 37.234, 971.984, 219.504, 2008.51
66.947, 1204.24, 37.6325, 983.44, 220.8, 1995.76
66.947, 1204.24, 37.6325, 983.44, 220.8, 1995.76
66.947, 1204.24, 37.6325, 983.44, 220.8, 1995.76
66.947, 1204.24, 37.6325, 983.44, 220.8, 1995.76
66.947, 1204.24, 37.6325, 983.44, 220.8, 1995.76
67.946, 1213.23, 37.9135, 990.896, 222.336, 1986.77
67.946, 1213.23, 37.9135, 990.896, 222.336, 1986.77
67.946, 1213.23, 37.9135, 990.896, 222.336, 1986.77
67.946, 1213.23, 37.9135, 990.896, 222.336, 1986.77
67.946, 1213.23, 37.9135, 990.896, 222.336, 1986.77
67.946, 1213.23, 37.9135, 990.896, 222.336, 1986.77
68.945, 1220.09, 38.1278, 995.736, 224.352, 1979.91
68.945, 1220.09, 38.1278, 995.736, 224.352, 1979.91
68.945, 1220.09, 38.1278, 995.736, 224.352, 1979.91
68.945, 1220.09, 38.1278, 995.736, 224.352, 1979.91
68.945, 1220.09, 38.1278, 995.736, 224.352, 1979.91
69.945, 1224.29, 38.259, 999.432, 224.856, 1975.71
69.945, 1224.29, 38.259, 999.432, 224.856, 1975.71
69.945, 1224.29, 38.259, 999.432, 224.856, 1975.71
69.945, 1224.29, 38.259, 999.432, 224.856, 1975.71
69.945, 1224.29, 38.259, 999.432, 224.856, 1975.71
70.945, 1235.86, 38.6208, 1008.75, 227.112, 1964.14
70.945, 1235.86, 38.6208, 1008.75, 227.112, 1964.14
70.945, 1235.86, 38.6208, 1008.75, 227.112, 1964.14
70.945, 1235.86, 38.6208, 1008.75, 227.112, 1964.14
70.945, 1235.86, 38.6208, 1008.75, 227.112, 1964.14
71.946, 1248.33, 39.0103, 1019.11, 229.216, 1951.67
71.946, 1248.33, 39.0103, 1019.11, 229.216, 1951.67
71.946, 1248.33, 39.0103, 1019.11, 229.216, 1951.67
71.946, 1248.33, 39.0103, 1019.11, 229.216, 1951.67
71.946, 1248.33, 39.0103, 1019.11, 229.216, 1951.67
71.946, 1248.33, 39.0103, 1019.11, 229.216, 1951.67
72.945, 1267.99, 39.6248, 1036.26, 231.728, 1932.01
72.945, 1267.99, 39.6248, 1036.26, 231.728, 1932.01
72.945, 1267.99, 39.6248, 1036.26, 231.728, 1932.01
72.945, 1267.99, 39.6248, 1036.26, 231.728, 1932.01
72.945, 1267.99, 39.6248, 1036.26, 231.728, 1932.01
73.947, 1276.76, 39.8988, 1042.54, 234.224, 1923.24
73.947, 1276.76, 39.8988, 1042.54, 234.224, 1923.24
73.947, 1276.76, 39.8988, 1042.54, 234.224, 1923.24
73.947, 1276.76, 39.8988, 1042.54, 234.224, 1923.24
73.947, 1276.76, 39.8988, 1042.54, 234.224, 1923.24
74.946, 1285.98, 40.1868, 1049.25, 236.728, 1914.02
74.946, 1285.98, 40.1868, 1049.25, 236.728, 1914.02
74.946, 1285.98, 40.1868, 1049.25, 236.728, 1914.02
74.946, 1285.98, 40.1868, 1049.25, 236.728, 1914.02
74.946, 1285.98, 40.1868, 1049.25, 236.728, 1914.02
74.946, 1285.98, 40.1868, 1049.25, 236.728, 1914.02
75.946, 1296.15, 40.5048, 1056.38, 239.768, 1903.85
75.946, 1296.15, 40.5048, 1056.38, 239.768, 1903.85
75.946, 1296.15, 40.5048, 1056.38, 239.768, 1903.85
75.946, 1296.15, 40.5048, 1056.38, 239.768, 1903.85
75.946, 1296.15, 40.5048, 1056.38, 239.768, 1903.85
76.945, 1305.32, 40.7913, 1062.73, 242.592, 1894.68
76.945, 1305.32, 40.7913, 1062.73, 242.592, 1894.68
76.945, 1305.32, 40.7913, 1062.73, 242.592, 1894.68
76.945, 1305.32, 40.7913, 1062.73, 242.592, 1894.68
76.945, 1305.32, 40.7913, 1062.73, 242.592, 1894.68
77.946, 1316.54, 41.1418, 1072.32, 244.216, 1883.46
77.946, 1316.54, 41.1418, 1072.32, 244.216, 1883.46
77.946, 1316.54, 41.1418, 1072.32, 244.216, 1883.46
77.946, 1316.54, 41.1418, 1072.32, 244.216, 1883.46
77.946, 1316.54, 41.1418, 1072.32, 244.216, 1883.46
78.945, 1326.05, 41.439, 1079.09, 246.96, 1873.95
78.945, 1326.05, 41.439, 1079.09, 246.96, 1873.95
78.945, 1326.05, 41.439, 1079.09, 246.96, 1873.95
78.945, 1326.05, 41.439, 1079.09, 246.96, 1873.95
78.945, 1326.05, 41.439, 1079.09, 246.96, 1873.95
78.945, 1326.05, 41.439, 1079.09, 246.96, 1873.95
79.946, 1339.25, 41.8515, 1089.65, 249.6, 1860.75
79.946, 1339.25, 41.8515, 1089.65, 249.6, 1860.75
79.946, 1339.25, 41.8515, 1089.65, 249.6, 1860.75
79.946, 1339.25, 41.8515, 1089.65, 249.6, 1860.75
79.946, 1339.25, 41.8515, 1089.65, 249.6, 1860.75
79.946, 1339.25, 41.8515, 1089.65, 249.6, 1860.75
80.946, 1352.25, 42.2578, 1101.1, 251.144, 1847.75
80.946, 1352.25, 42.2578, 1101.1, 251.144, 1847.75
80.946, 1352.25, 42.2578, 1101.1, 251.144, 1847.75
80.946, 1352.25, 42.2578, 1101.1, 251.144, 1847.75
80.946, 1352.25, 42.2578, 1101.1, 251.144, 1847.75
80.946, 1352.25, 42.2578, 1101.1, 251.144, 1847.75
81.946, 1360.94, 42.5293, 1106.75, 254.184, 1839.06
81.946, 1360.94, 42.5293, 1106.75, 254.184, 1839.06
81.946, 1360.94, 42.5293, 1106.75, 254.184, 1839.06
81.946, 1360.94, 42.5293, 1106.75, 254.184, 1839.06
81.946, 1360.94, 42.5293, 1106.75, 254.184, 1839.06
82.946, 1370.63, 42.8323, 1114.94, 255.696, 1829.37
82.946, 1370.63, 42.8323, 1114.94, 255.696, 1829.37
82.946, 1370.63, 42.8323, 1114.94, 255.696, 1829.37
82.946, 1370.63, 42.8323, 1114.94, 255.696, 1829.37
82.946, 1370.63, 42.8323, 1114.94, 255.696, 1829.37
82.946, 1370.63, 42.8323, 1114.94, 255.696, 1829.37
83.947, 1390.85, 43.464, 1132.63, 258.216, 1809.15
83.947, 1390.85, 43.464, 1132.63, 258.216, 1809.15
83.947, 1390.85, 43.464, 1132.63, 258.216, 1809.15
83.947, 1390.85, 43.464, 1132.63, 258.216, 1809.15
83.947, 1390.85, 43.464, 1132.63, 258.216, 1809.15
84.946, 1401.14, 43.7855, 1142.02, 259.12, 1798.86
84.946, 1401.14, 43.7855, 1142.02, 259.12, 1798.86
84.946, 1401.14, 43.7855, 1142.02, 259.12, 1798.86
84.946, 1401.14, 43.7855, 1142.02, 259.12, 1798.86
84.946, 1401.14, 43.7855, 1142.02, 259.12, 1798.86
85.947, 1408.74, 44.023, 1148.02, 260.72, 1791.26
85.947, 1408.74, 44.023, 1148.02, 260.72, 1791.26
85.947, 1408.74, 44.023, 1148.02, 260.72, 1791.26
85.947, 1408.74, 44.023, 1148.02, 260.72, 1791.26
85.947, 1408.74, 44.023, 1148.02, 260.72, 1791.26
86.945, 1420.36, 44.3863, 1159.66, 260.696, 1779.64
86.945, 1420.36, 44.3863, 1159.66, 260.696, 1779.64
86.945, 1420.36, 44.3863, 1159.66, 260.696, 1779.64
86.945, 1420.36, 44.3863, 1159.66, 260.696, 1779.64
86.945, 1420.36, 44.3863, 1159.66, 260.696, 1779.64
87.946, 1425.57, 44.549, 1164.39, 261.176, 1774.43
87.946, 1425.57, 44.549, 1164.39, 261.176, 1774.43
87.946, 1425.57, 44.549, 1164.39, 261.176, 1774.43
87.946, 1425.57, 44.549, 1164.39, 261.176, 1774.43
87.946, 1425.57, 44.549, 1164.39, 261.176, 1774.43
87.946, 1425.57, 44.549, 1164.39, 261.176, 1774.43
88.946, 1436.29, 44.884, 1174.26, 262.024, 1763.71
88.946, 1436.29, 44.884, 1174.26, 262.024, 1763.71
88.946, 1436.29, 44.884, 1174.26, 262.024, 1763.71
88.946, 1436.29, 44.884, 1174.26, 262.024, 1763.71
88.946, 1436.29, 44.884, 1174.26, 262.024, 1763.71
88.946, 1436.29, 44.884, 1174.26, 262.024, 1763.71
89.945, 1447.15, 45.2235, 1183.75, 263.4, 1752.85
89.945, 1447.15, 45.2235, 1183.75, 263.4, 1752.85
89.945, 1447.15, 45.2235, 1183.75, 263.4, 1752.85
89.945, 1447.15, 45.2235, 1183.75, 263.4, 1752.85
89.945, 1447.15, 45.2235, 1183.75, 263.4, 1752.85
90.947, 1458.03, 45.5635, 1193.15, 264.88, 1741.97
90.947, 1458.03, 45.5635, 1193.15, 264.88, 1741.97
90.947, 1458.03, 45.5635, 1193.15, 264.88, 1741.97
90.947, 1458.03, 45.5635, 1193.15, 264.88, 1741.97
90.947, 1458.03, 45.5635, 1193.15, 264.88, 1741.97
91.945, 1468.65, 45.8953, 1203.18, 265.472, 1731.35
91.945, 1468.65, 45.8953, 1203.18, 265.472, 1731.35
91.945, 1468.65, 45.8953, 1203.18, 265.472, 1731.35
91.945, 1468.65, 45.8953, 1203.18, 265.472, 1731.35
91.945, 1468.65, 45.8953, 1203.18, 265.472, 1731.35
92.947, 1486.35, 46.4485, 1218.62, 267.736, 1713.65
92.947, 1486.35, 46.4485, 1218.62, 267.736, 1713.65
92.947, 1486.35, 46.4485, 1218.62, 267.736, 1713.65
92.947, 1486.35, 46.4485, 1218.62, 267.736, 1713.65
92.947, 1486.35, 46.4485, 1218.62, 267.736, 1713.65
92.947, 1486.35, 46.4485, 1218.62, 267.736, 1713.65
93.947, 1496.86, 46.7768, 1229.14, 267.72, 1703.14
93.947, 1496.86, 46.7768, 1229.14, 267.72, 1703.14
93.947, 1496.86, 46.7768, 1229.14, 267.72, 1703.14
93.947, 1496.86, 46.7768, 1229.14, 267.72, 1703.14
93.947, 1496.86, 46.7768, 1229.14, 267.72, 1703.14
94.946, 1511.91, 47.2473, 1242.41, 269.504, 1688.09
94.946, 1511.91, 47.2473, 1242.41, 269.504, 1688.09
94.946, 1511.91, 47.2473, 1242.41, 269.504, 1688.09
94.946, 1511.91, 47.2473, 1242.41, 269.504, 1688.09
94.946, 1511.91, 47.2473, 1242.41, 269.504, 1688.09
95.946, 1530.53, 47.829, 1259.13, 271.4, 1669.47
95.946, 1530.53, 47.829, 1259.13, 271.4, 1669.47
95.946, 1530.53, 47.829, 1259.13, 271.4, 1669.47
95.946, 1530.53, 47.829, 1259.13, 271.4, 1669.47
95.946, 1530.53, 47.829, 1259.13, 271.4, 1669.47
95.946, 1530.53, 47.829, 1259.13, 271.4, 1669.47
96.946, 1535.03, 47.9698, 1263.48, 271.552, 1664.97
96.946, 1535.03, 47.9698, 1263.48, 271.552, 1664.97
96.946, 1535.03, 47.9698, 1263.48, 271.552, 1664.97
96.946, 1535.03, 47.9698, 1263.48, 271.552, 1664.97
96.946, 1535.03, 47.9698, 1263.48, 271.552, 1664.97
97.945, 1540.1, 48.1283, 1267.46, 272.64, 1659.9
97.945, 1540.1, 48.1283, 1267.46, 272.64, 1659.9
97.945, 1540.1, 48.1283, 1267.46, 272.64, 1659.9
97.945, 1540.1, 48.1283, 1267.46, 272.64, 1659.9
97.945, 1540.1, 48.1283, 1267.46, 272.64, 1659.9
97.945, 1540.1, 48.1283, 1267.46, 272.64, 1659.9
98.945, 1546.75, 48.336, 1273.09, 273.664, 1653.25
98.945, 1546.75, 48.336, 1273.09, 273.664, 1653.25
98.945, 1546.75, 48.336, 1273.09, 273.664, 1653.25
98.945, 1546.75, 48.336, 1273.09, 273.664, 1653.25
98.945, 1546.75, 48.336, 1273.09, 273.664, 1653.25
99.946, 1552.3, 48.5095, 1278.37, 273.936, 1647.7
99.946, 1552.3, 48.5095, 1278.37, 273.936, 1647.7
99.946, 1552.3, 48.5095, 1278.37, 273.936, 1647.7
99.946, 1552.3, 48.5095, 1278.37, 273.936, 1647.7
99.946, 1552.3, 48.5095, 1278.37, 273.936, 1647.7
100.947, 1556.29, 48.634, 1280.99, 275.296, 1643.71
100.947, 1556.29, 48.634, 1280.99, 275.296, 1643.71
100.947, 1556.29, 48.634, 1280.99, 275.296, 1643.71
100.947, 1556.29, 48.634, 1280.99, 275.296, 1643.71
100.947, 1556.29, 48.634, 1280.99, 275.296, 1643.71
101.946, 1558.58, 48.7058, 1283.11, 275.472, 1641.42
101.946, 1558.58, 48.7058, 1283.11, 275.472, 1641.42
101.946, 1558.58, 48.7058, 1283.11, 275.472, 1641.42
101.946, 1558.58, 48.7058, 1283.11, 275.472, 1641.42
101.946, 1558.58, 48.7058, 1283.11, 275.472, 1641.42
102.945, 1561.19, 48.7873, 1285.79, 275.4, 1638.81
102.945, 1561.19, 48.7873, 1285.79, 275.4, 1638.81
102.945, 1561.19, 48.7873, 1285.79, 275.4, 1638.81
102.945, 1561.19, 48.7873, 1285.79, 275.4, 1638.81
102.945, 1561.19, 48.7873, 1285.79, 275.4, 1638.81
102.945, 1561.19, 48.7873, 1285.79, 275.4, 1638.81
103.945, 1565.9, 48.9345, 1288.34, 277.56, 1634.1
103.945, 1565.9, 48.9345, 1288.34, 277.56, 1634.1
103.945, 1565.9, 48.9345, 1288.34, 277.56, 1634.1
103.945, 1565.9, 48.9345, 1288.34, 277.56, 1634.1
103.945, 1565.9, 48.9345, 1288.34, 277.56, 1634.1
104.946, 1573.06, 49.1583, 1295.34, 277.72, 1626.94
104.946, 1573.06, 49.1583, 1295.34, 277.72, 1626.94
104.946, 1573.06, 49.1583, 1295.34, 277.72, 1626.94
104.946, 1573.06, 49.1583, 1295.34, 277.72, 1626.94
104.946, 1573.06, 49.1583, 1295.34, 277.72, 1626.94
105.946, 1581.76, 49.43, 1302.42, 279.336, 1618.24
105.946, 1581.76, 49.43, 1302.42, 279.336, 1618.24
105.946, 1581.76, 49.43, 1302.42, 279.336, 1618.24
105.946, 1581.76, 49.43, 1302.42, 279.336, 1618.24
105.946, 1581.76, 49.43, 1302.42, 279.336, 1618.24
105.946, 1581.76, 49.43, 1302.42, 279.336, 1618.24
106.947, 1592.01, 49.7503, 1311.12, 280.888, 1607.99
106.947, 1592.01, 49.7503, 1311.12, 280.888, 1607.99
106.947, 1592.01, 49.7503, 1311.12, 280.888, 1607.99
106.947, 1592.01, 49.7503, 1311.12, 280.888, 1607.99
106.947, 1592.01, 49.7503, 1311.12, 280.888, 1607.99
107.945, 1601.42, 50.0443, 1320.7, 280.72, 1598.58
107.945, 1601.42, 50.0443, 1320.7, 280.72, 1598.58
107.945, 1601.42, 50.0443, 1320.7, 280.72, 1598.58
107.945, 1601.42, 50.0443, 1320.7, 280.72, 1598.58
107.945, 1601.42, 50.0443, 1320.7, 280.72, 1598.58
108.945, 1608.01, 50.2503, 1328.26, 279.744, 1591.99
108.945, 1608.01, 50.2503, 1328.26, 279.744, 1591.99
108.945, 1608.01, 50.2503, 1328.26, 279.744, 1591.99
108.945, 1608.01, 50.2503, 1328.26, 279.744, 1591.99
108.945, 1608.01, 50.2503, 1328.26, 279.744, 1591.99
109.945, 1611.18, 50.3493, 1330.43, 280.744, 1588.82
109.945, 1611.18, 50.3493, 1330.43, 280.744, 1588.82
109.945, 1611.18, 50.3493, 1330.43, 280.744, 1588.82
109.945, 1611.18, 50.3493, 1330.43, 280.744, 1588.82
109.945, 1611.18, 50.3493, 1330.43, 280.744, 1588.82
109.945, 1611.18, 50.3493, 1330.43, 280.744, 1588.82
110.945, 1614.36, 50.4488, 1332.69, 281.672, 1585.64
110.945, 1614.36, 50.4488, 1332.69, 281.672, 1585.64
110.945, 1614.36, 50.4488, 1332.69, 281.672, 1585.64
110.945, 1614.36, 50.4488, 1332.69, 281.672, 1585.64
110.945, 1614.36, 50.4488, 1332.69, 281.672, 1585.64
111.946, 1621.26, 50.6645, 1339.14, 282.128, 1578.74
111.946, 1621.26, 50.6645, 1339.14, 282.128, 1578.74
111.946, 1621.26, 50.6645, 1339.14, 282.128, 1578.74
111.946, 1621.26, 50.6645, 1339.14, 282.128, 1578.74
111.946, 1621.26, 50.6645, 1339.14, 282.128, 1578.74
112.945, 1628.74, 50.898, 1345.7, 283.032, 1571.26
112.945, 1628.74, 50.898, 1345.7, 283.032, 1571.26
112.945, 1628.74, 50.898, 1345.7, 283.032, 1571.26
112.945, 1628.74, 50.898, 1345.7, 283.032, 1571.26
112.945, 1628.74, 50.898, 1345.7, 283.032, 1571.26
112.945, 1628.74, 50.898, 1345.7, 283.032, 1571.26
113.945, 1640.85, 51.2765, 1356.13, 284.72, 1559.15
113.945, 1640.85, 51.2765, 1356.13, 284.72, 1559.15
113.945, 1640.85, 51.2765, 1356.13, 284.72, 1559.15
113.945, 1640.85, 51.2765, 1356.13, 284.72, 1559.15
113.945, 1640.85, 51.2765, 1356.13, 284.72, 1559.15
113.945, 1640.85, 51.2765, 1356.13, 284.72, 1559.15
114.945, 1651.56, 51.6113, 1366.2, 285.36, 1548.44
114.945, 1651.56, 51.6113, 1366.2, 285.36, 1548.44
114.945, 1651.56, 51.6113, 1366.2, 285.36, 1548.44
114.945, 1651.56, 51.6113, 1366.2, 285.36, 1548.44
114.945, 1651.56, 51.6113, 1366.2, 285.36, 1548.44
114.945, 1651.56, 51.6113, 1366.2, 285.36, 1548.44
115.947, 1655.76, 51.7425, 1369.54, 286.224, 1544.24
115.947, 1655.76, 51.7425, 1369.54, 286.224, 1544.24
115.947, 1655.76, 51.7425, 1369.54, 286.224, 1544.24
115.947, 1655.76, 51.7425, 1369.54, 286.224, 1544.24
115.947, 1655.76, 51.7425, 1369.54, 286.224, 1544.24
116.945, 1668.65, 52.1453, 1380.67, 287.976, 1531.35
116.945, 1668.65, 52.1453, 1380.67, 287.976, 1531.35
116.945, 1668.65, 52.1453, 1380.67, 287.976, 1531.35
116.945, 1668.65, 52.1453, 1380.67, 287.976, 1531.35
116.945, 1668.65, 52.1453, 1380.67, 287.976, 1531.35
116.945, 1668.65, 52.1453, 1380.67, 287.976, 1531.35
117.945, 1675.14, 52.348, 1388.25, 286.888, 1524.86
117.945, 1675.14, 52.348, 1388.25, 286.888, 1524.86
117.945, 1675.14, 52.348, 1388.25, 286.888, 1524.86
117.945, 1675.14, 52.348, 1388.25, 286.888, 1524.86
117.945, 1675.14, 52.348, 1388.25, 286.888, 1524.86
117.945, 1675.14, 52.348, 1388.25, 286.888, 1524.86
118.946, 1682.73, 52.5853, 1395.86, 286.872, 1517.27
118.946, 1682.73, 52.5853, 1395.86, 286.872, 1517.27
118.946, 1682.73, 52.5853, 1395.86, 286.872, 1517.27
118.946, 1682.73, 52.5853, 1395.86, 286.872, 1517.27
118.946, 1682.73, 52.5853, 1395.86, 286.872, 1517.27
118.946, 1682.73, 52.5853, 1395.86, 286.872, 1517.27
119.947, 1688.26, 52.758, 1401.7, 286.552, 1511.74
119.947, 1688.26, 52.758, 1401.7, 286.552, 1511.74
119.947, 1688.26, 52.758, 1401.7, 286.552, 1511.74
119.947, 1688.26, 52.758, 1401.7, 286.552, 1511.74
119.947, 1688.26, 52.758, 1401.7, 286.552, 1511.74
120.947, 1691.98, 52.8745, 1403.94, 288.04, 1508.02
120.947, 1691.98, 52.8745, 1403.94, 288.04, 1508.02
120.947, 1691.98, 52.8745, 1403.94, 288.04, 1508.02
120.947, 1691.98, 52.8745, 1403.94, 288.04, 1508.02
120.947, 1691.98, 52.8745, 1403.94, 288.04, 1508.02
121.946, 1693.91, 52.9348, 1406.07, 287.84, 1506.09
121.946, 1693.91, 52.9348, 1406.07, 287.84, 1506.09
121.946, 1693.91, 52.9348, 1406.07, 287.84, 1506.09
121.946, 1693.91, 52.9348, 1406.07, 287.84, 1506.09
121.946, 1693.91, 52.9348, 1406.07, 287.84, 1506.09
122.945, 1697.35, 53.0423, 1409.38, 287.976, 1502.65
122.945, 1697.35, 53.0423, 1409.38, 287.976, 1502.65
122.945, 1697.35, 53.0423, 1409.38, 287.976, 1502.65
122.945, 1697.35, 53.0423, 1409.38, 287.976, 1502.65
122.945, 1697.35, 53.0423, 1409.38, 287.976, 1502.65
122.945, 1697.35, 53.0423, 1409.38, 287.976, 1502.65
123.946, 1700.1, 53.128, 1412.38, 287.72, 1499.9
123.946, 1700.1, 53.128, 1412.38, 287.72, 1499.9
123.946, 1700.1, 53.128, 1412.38, 287.72, 1499.9
123.946, 1700.1, 53.128, 1412.38, 287.72, 1499.9
123.946, 1700.1, 53.128, 1412.38, 287.72, 1499.9
123.946, 1700.1, 53.128, 1412.38, 287.72, 1499.9
124.951, 1704.74, 53.273, 1418.05, 286.688, 1495.26
124.951, 1704.74, 53.273, 1418.05, 286.688, 1495.26
124.951, 1704.74, 53.273, 1418.05, 286.688, 1495.26
124.951, 1704.74, 53.273, 1418.05, 286.688, 1495.26
124.951, 1704.74, 53.273, 1418.05, 286.688, 1495.26
125.947, 1710.74, 53.4608, 1422.66, 288.088, 1489.26
125.947, 1710.74, 53.4608, 1422.66, 288.088, 1489.26
125.947, 1710.74, 53.4608, 1422.66, 288.088, 1489.26
125.947, 1710.74, 53.4608, 1422.66, 288.088, 1489.26
125.947, 1710.74, 53.4608, 1422.66, 288.088, 1489.26
126.946, 1716.06, 53.6268, 1427.06, 288.992, 1483.94
126.946, 1716.06, 53.6268, 1427.06, 288.992, 1483.94
126.946, 1716.06, 53.6268, 1427.06, 288.992, 1483.94
126.946, 1716.06, 53.6268, 1427.06, 288.992, 1483.94
126.946, 1716.06, 53.6268, 1427.06, 288.992, 1483.94
127.945, 1719.77, 53.7428, 1430.18, 289.592, 1480.23
127.945, 1719.77, 53.7428, 1430.18, 289.592, 1480.23
127.945, 1719.77, 53.7428, 1430.18, 289.592, 1480.23
127.945, 1719.77, 53.7428, 1430.18, 289.592, 1480.23
127.945, 1719.77, 53.7428, 1430.18, 289.592, 1480.23
127.945, 1719.77, 53.7428, 1430.18, 289.592, 1480.23
128.948, 1721.86, 53.8083, 1432.31, 289.552, 1478.14
128.948, 1721.86, 53.8083, 1432.31, 289.552, 1478.14
128.948, 1721.86, 53.8083, 1432.31, 289.552, 1478.14
128.948, 1721.86, 53.8083, 1432.31, 289.552, 1478.14
128.948, 1721.86, 53.8083, 1432.31, 289.552, 1478.14
129.945, 1725.29, 53.9153, 1435.9, 289.392, 1474.71
129.945, 1725.29, 53.9153, 1435.9, 289.392, 1474.71
129.945, 1725.29, 53.9153, 1435.9, 289.392, 1474.71
129.945, 1725.29, 53.9153, 1435.9, 289.392, 1474.71
129.945, 1725.29, 53.9153, 1435.9, 289.392, 1474.71
129.945, 1725.29, 53.9153, 1435.9, 289.392, 1474.71
130.945, 1738.8, 54.3375, 1448.27, 290.528, 1461.2
130.945, 1738.8, 54.3375, 1448.27, 290.528, 1461.2
130.945, 1738.8, 54.3375, 1448.27, 290.528, 1461.2
130.945, 1738.8, 54.3375, 1448.27, 290.528, 1461.2
130.945, 1738.8, 54.3375, 1448.27, 290.528, 1461.2
131.945, 1749.63, 54.676, 1457.76, 291.872, 1450.37
131.945, 1749.63, 54.676, 1457.76, 291.872, 1450.37
131.945, 1749.63, 54.676, 1457.76, 291.872, 1450.37
131.945, 1749.63, 54.676, 1457.76, 291.872, 1450.37
131.945, 1749.63, 54.676, 1457.76, 291.872, 1450.37
132.946, 1757.71, 54.9285, 1465.26, 292.456, 1442.29
132.946, 1757.71, 54.9285, 1465.26, 292.456, 1442.29
132.946, 1757.71, 54.9285, 1465.26, 292.456, 1442.29
132.946, 1757.71, 54.9285, 1465.26, 292.456, 1442.29
132.946, 1757.71, 54.9285, 1465.26, 292.456, 1442.29
132.946, 1757.71, 54.9285, 1465.26, 292.456, 1442.29
133.945, 1764.93, 55.154, 1470.34, 294.584, 1435.07
133.945, 1764.93, 55.154, 1470.34, 294.584, 1435.07
133.945, 1764.93, 55.154, 1470.34, 294.584, 1435.07
133.945, 1764.93, 55.154, 1470.34, 294.584, 1435.07
133.945, 1764.93, 55.154, 1470.34, 294.584, 1435.07
134.945, 1777.78, 55.5555, 1480.63, 297.144, 1422.22
134.945, 1777.78, 55.5555, 1480.63, 297.144, 1422.22
134.945, 1777.78, 55.5555, 1480.63, 297.144, 1422.22
134.945, 1777.78, 55.5555, 1480.63, 297.144, 1422.22
134.945, 1777.78, 55.5555, 1480.63, 297.144, 1422.22
135.945, 1783.81, 55.744, 1485.32, 298.488, 1416.19
135.945, 1783.81, 55.744, 1485.32, 298.488, 1416.19
135.945, 1783.81, 55.744, 1485.32, 298.488, 1416.19
135.945, 1783.81, 55.744, 1485.32, 298.488, 1416.19
135.945, 1783.81, 55.744, 1485.32, 298.488, 1416.19
135.945, 1783.81, 55.744, 1485.32, 298.488, 1416.19
136.945, 1795.86, 56.1208, 1497.07, 298.792, 1404.14
136.945, 1795.86, 56.1208, 1497.07, 298.792, 1404.14
136.945, 1795.86, 56.1208, 1497.07, 298.792, 1404.14
136.945, 1795.86, 56.1208, 1497.07, 298.792, 1404.14
136.945, 1795.86, 56.1208, 1497.07, 298.792, 1404.14
137.948, 1801.22, 56.288, 1501.5, 299.72, 1398.78
137.948, 1801.22, 56.288, 1501.5, 299.72, 1398.78
137.948, 1801.22, 56.288, 1501.5, 299.72, 1398.78
137.948, 1801.22, 56.288, 1501.5, 299.72, 1398.78
137.948, 1801.22, 56.288, 1501.5, 299.72, 1398.78
137.948, 1801.22, 56.288, 1501.5, 299.72, 1398.78
138.945, 1804.65, 56.3953, 1504.02, 300.624, 1395.35
138.945, 1804.65, 56.3953, 1504.02, 300.624, 1395.35
138.945, 1804.65, 56.3953, 1504.02, 300.624, 1395.35
138.945, 1804.65, 56.3953, 1504.02, 300.624, 1395.35
138.945, 1804.65, 56.3953, 1504.02, 300.624, 1395.35
138.945, 1804.65, 56.3953, 1504.02, 300.624, 1395.35
139.946, 1807.6, 56.4875, 1506.82, 300.784, 1392.4
139.946, 1807.6, 56.4875, 1506.82, 300.784, 1392.4
139.946, 1807.6, 56.4875, 1506.82, 300.784, 1392.4
139.946, 1807.6, 56.4875, 1506.82, 300.784, 1392.4
139.946, 1807.6, 56.4875, 1506.82, 300.784, 1392.4
139.946, 1807.6, 56.4875, 1506.82, 300.784, 1392.4
140.947, 1810.9, 56.5905, 1510.38, 300.512, 1389.1
140.947, 1810.9, 56.5905, 1510.38, 300.512, 1389.1
140.947, 1810.9, 56.5905, 1510.38, 300.512, 1389.1
140.947, 1810.9, 56.5905, 1510.38, 300.512, 1389.1
140.947, 1810.9, 56.5905, 1510.38, 300.512, 1389.1
140.947, 1810.9, 56.5905, 1510.38, 300.512, 1389.1
141.946, 1816.32, 56.76, 1515.81, 300.512, 1383.68
141.946, 1816.32, 56.76, 1515.81, 300.512, 1383.68
141.946, 1816.32, 56.76, 1515.81, 300.512, 1383.68
141.946, 1816.32, 56.76, 1515.81, 300.512, 1383.68
141.946, 1816.32, 56.76, 1515.81, 300.512, 1383.68
142.945, 1819.38, 56.8558, 1518.81, 300.576, 1380.62
142.945, 1819.38, 56.8558, 1518.81, 300.576, 1380.62
142.945, 1819.38, 56.8558, 1518.81, 300.576, 1380.62
142.945, 1819.38, 56.8558, 1518.81, 300.576, 1380.62
142.945, 1819.38, 56.8558, 1518.81, 300.576, 1380.62
142.945, 1819.38, 56.8558, 1518.81, 300.576, 1380.62
143.946, 1822.64, 56.9575, 1522.52, 300.12, 1377.36
143.946, 1822.64, 56.9575, 1522.52, 300.12, 1377.36
143.946, 1822.64, 56.9575, 1522.52, 300.12, 1377.36
143.946, 1822.64, 56.9575, 1522.52, 300.12, 1377.36
143.946, 1822.64, 56.9575, 1522.52, 300.12, 1377.36
144.948, 1825.63, 57.051, 1526.32, 299.312, 1374.37
144.948, 1825.63, 57.051, 1526.32, 299.312, 1374.37
144.948, 1825.63, 57.051, 1526.32, 299.312, 1374.37
144.948, 1825.63, 57.051, 1526.32, 299.312, 1374.37
144.948, 1825.63, 57.051, 1526.32, 299.312, 1374.37
144.948, 1825.63, 57.051, 1526.32, 299.312, 1374.37
145.945, 1827.49, 57.109, 1528.02, 299.472, 1372.51
145.945, 1827.49, 57.109, 1528.02, 299.472, 1372.51
145.945, 1827.49, 57.109, 1528.02, 299.472, 1372.51
145.945, 1827.49, 57.109, 1528.02, 299.472, 1372.51
145.945, 1827.49, 57.109, 1528.02, 299.472, 1372.51
146.945, 1829.99, 57.1873, 1529.54, 300.448, 1370.01
146.945, 1829.99, 57.1873, 1529.54, 300.448, 1370.01
146.945, 1829.99, 57.1873, 1529.54, 300.448, 1370.01
146.945, 1829.99, 57.1873, 1529.54, 300.448, 1370.01
146.945, 1829.99, 57.1873, 1529.54, 300.448, 1370.01
146.945, 1829.99, 57.1873, 1529.54, 300.448, 1370.01
147.946, 1832.64, 57.27, 1531.18, 301.456, 1367.36
147.946, 1832.64, 57.27, 1531.18, 301.456, 1367.36
147.946, 1832.64, 57.27, 1531.18, 301.456, 1367.36
147.946, 1832.64, 57.27, 1531.18, 301.456, 1367.36
147.946, 1832.64, 57.27, 1531.18, 301.456, 1367.36
148.947, 1834.58, 57.3305, 1533.34, 301.232, 1365.42
148.947, 1834.58, 57.3305, 1533.34, 301.232, 1365.42
148.947, 1834.58, 57.3305, 1533.34, 301.232, 1365.42
148.947, 1834.58, 57.3305, 1533.34, 301.232, 1365.42
148.947, 1834.58, 57.3305, 1533.34, 301.232, 1365.42
149.945, 1837.45, 57.4203, 1535.71, 301.736, 1362.55
149.945, 1837.45, 57.4203, 1535.71, 301.736, 1362.55
149.945, 1837.45, 57.4203, 1535.71, 301.736, 1362.55
149.945, 1837.45, 57.4203, 1535.71, 301.736, 1362.55
149.945, 1837.45, 57.4203, 1535.71, 301.736, 1362.55
149.945, 1837.45, 57.4203, 1535.71, 301.736, 1362.55
150.946, 1840.82, 57.5255, 1539.27, 301.544, 1359.18
150.946, 1840.82, 57.5255, 1539.27, 301.544, 1359.18
150.946, 1840.82, 57.5255, 1539.27, 301.544, 1359.18
150.946, 1840.82, 57.5255, 1539.27, 301.544, 1359.18
150.946, 1840.82, 57.5255, 1539.27, 301.544, 1359.18
150.946, 1840.82, 57.5255, 1539.27, 301.544, 1359.18
151.948, 1844.71, 57.6473, 1542.62, 302.096, 1355.29
151.948, 1844.71, 57.6473, 1542.62, 302.096, 1355.29
151.948, 1844.71, 57.6473, 1542.62, 302.096, 1355.29
151.948, 1844.71, 57.6473, 1542.62, 302.096, 1355.29
151.948, 1844.71, 57.6473, 1542.62, 302.096, 1355.29
152.946, 1848.79, 57.7748, 1547.17, 301.624, 1351.21
152.946, 1848.79, 57.7748, 1547.17, 301.624, 1351.21
152.946, 1848.79, 57.7748, 1547.17, 301.624, 1351.21
152.946, 1848.79, 57.7748, 1547.17, 301.624, 1351.21
152.946, 1848.79, 57.7748, 1547.17, 301.624, 1351.21
153.947, 1851.58, 57.862, 1549.4, 302.184, 1348.42
153.947, 1851.58, 57.862, 1549.4, 302.184, 1348.42
153.947, 1851.58, 57.862, 1549.4, 302.184, 1348.42
153.947, 1851.58, 57.862, 1549.4, 302.184, 1348.42
153.947, 1851.58, 57.862, 1549.4, 302.184, 1348.42
154.946, 1852.86, 57.9018, 1550.51, 302.344, 1347.14
154.946, 1852.86, 57.9018, 1550.51, 302.344, 1347.14
154.946, 1852.86, 57.9018, 1550.51, 302.344, 1347.14
154.946, 1852.86, 57.9018, 1550.51, 302.344, 1347.14
154.946, 1852.86, 57.9018, 1550.51, 302.344, 1347.14
154.946, 1852.86, 57.9018, 1550.51, 302.344, 1347.14
155.947, 1856.98, 58.0308, 1555.49, 301.496, 1343.02
155.947, 1856.98, 58.0308, 1555.49, 301.496, 1343.02
155.947, 1856.98, 58.0308, 1555.49, 301.496, 1343.02
155.947, 1856.98, 58.0308, 1555.49, 301.496, 1343.02
155.947, 1856.98, 58.0308, 1555.49, 301.496, 1343.02
156.95, 1859.31, 58.1035, 1558.53, 300.784, 1340.69
156.95, 1859.31, 58.1035, 1558.53, 300.784, 1340.69
156.95, 1859.31, 58.1035, 1558.53, 300.784, 1340.69
156.95, 1859.31, 58.1035, 1558.53, 300.784, 1340.69
156.95, 1859.31, 58.1035, 1558.53, 300.784, 1340.69
156.95, 1859.31, 58.1035, 1558.53, 300.784, 1340.69
157.949, 1859.83, 58.1198, 1559.06, 300.776, 1340.17
157.949, 1859.83, 58.1198, 1559.06, 300.776, 1340.17
157.949, 1859.83, 58.1198, 1559.06, 300.776, 1340.17
157.949, 1859.83, 58.1198, 1559.06, 300.776, 1340.17
157.949, 1859.83, 58.1198, 1559.06, 300.776, 1340.17
158.947, 1860.13, 58.129, 1559.99, 300.136, 1339.87
158.947, 1860.13, 58.129, 1559.99, 300.136, 1339.87
158.947, 1860.13, 58.129, 1559.99, 300.136, 1339.87
158.947, 1860.13, 58.129, 1559.99, 300.136, 1339.87
158.947, 1860.13, 58.129, 1559.99, 300.136, 1339.87
159.947, 1860.5, 58.1405, 1559.66, 300.832, 1339.5
159.947, 1860.5, 58.1405, 1559.66, 300.832, 1339.5
159.947, 1860.5, 58.1405, 1559.66, 300.832, 1339.5
159.947, 1860.5, 58.1405, 1559.66, 300.832, 1339.5
159.947, 1860.5, 58.1405, 1559.66, 300.832, 1339.5
160.946, 1860.8, 58.15, 1559.78, 301.024, 1339.2
160.946, 1860.8, 58.15, 1559.78, 301.024, 1339.2
160.946, 1860.8, 58.15, 1559.78, 301.024, 1339.2
160.946, 1860.8, 58.15, 1559.78, 301.024, 1339.2
160.946, 1860.8, 58.15, 1559.78, 301.024, 1339.2
161.948, 1861.14, 58.1608, 1558.74, 302.4, 1338.86
161.948, 1861.14, 58.1608, 1558.74, 302.4, 1338.86
161.948, 1861.14, 58.1608, 1558.74, 302.4, 1338.86
161.948, 1861.14, 58.1608, 1558.74, 302.4, 1338.86
161.948, 1861.14, 58.1608, 1558.74, 302.4, 1338.86
161.948, 1861.14, 58.1608, 1558.74, 302.4, 1338.86
162.945, 1861.65, 58.1765, 1559.42, 302.232, 1338.35
162.945, 1861.65, 58.1765, 1559.42, 302.232, 1338.35
162.945, 1861.65, 58.1765, 1559.42, 302.232, 1338.35
162.945, 1861.65, 58.1765, 1559.42, 302.232, 1338.35
162.945, 1861.65, 58.1765, 1559.42, 302.232, 1338.35
162.945, 1861.65, 58.1765, 1559.42, 302.232, 1338.35
163.945, 1863.54, 58.2355, 1560.61, 302.928, 1336.46
163.945, 1863.54, 58.2355, 1560.61, 302.928, 1336.46
163.945, 1863.54, 58.2355, 1560.61, 302.928, 1336.46
163.945, 1863.54, 58.2355, 1560.61, 302.928, 1336.46
163.945, 1863.54, 58.2355, 1560.61, 302.928, 1336.46
163.945, 1863.54, 58.2355, 1560.61, 302.928, 1336.46
164.945, 1866.15, 58.3173, 1563.82, 302.336, 1333.85
164.945, 1866.15, 58.3173, 1563.82, 302.336, 1333.85
164.945, 1866.15, 58.3173, 1563.82, 302.336, 1333.85
164.945, 1866.15, 58.3173, 1563.82, 302.336, 1333.85
164.945, 1866.15, 58.3173, 1563.82, 302.336, 1333.85
165.946, 1867.3, 58.3533, 1566.78, 300.52, 1332.7
165.946, 1867.3, 58.3533, 1566.78, 300.52, 1332.7
165.946, 1867.3, 58.3533, 1566.78, 300.52, 1332.7
165.946, 1867.3, 58.3533, 1566.78, 300.52, 1332.7
165.946, 1867.3, 58.3533, 1566.78, 300.52, 1332.7
165.946, 1867.3, 58.3533, 1566.78, 300.52, 1332.7
166.945, 1871.54, 58.4855, 1572.26, 299.28, 1328.46
166.945, 1871.54, 58.4855, 1572.26, 299.28, 1328.46
166.945, 1871.54, 58.4855, 1572.26, 299.28, 1328.46
166.945, 1871.54, 58.4855, 1572.26, 299.28, 1328.46
166.945, 1871.54, 58.4855, 1572.26, 299.28, 1328.46
166.945, 1871.54, 58.4855, 1572.26, 299.28, 1328.46
167.949, 1874.74, 58.5858, 1575.07, 299.672, 1325.26
167.949, 1874.74, 58.5858, 1575.07, 299.672, 1325.26
167.949, 1874.74, 58.5858, 1575.07, 299.672, 1325.26
167.949, 1874.74, 58.5858, 1575.07, 299.672, 1325.26
167.949, 1874.74, 58.5858, 1575.07, 299.672, 1325.26
167.949, 1874.74, 58.5858, 1575.07, 299.672, 1325.26
168.945, 1878.3, 58.697, 1579.3, 299, 1321.7
168.945, 1878.3, 58.697, 1579.3, 299, 1321.7
168.945, 1878.3, 58.697, 1579.3, 299, 1321.7
168.945, 1878.3, 58.697, 1579.3, 299, 1321.7
168.945, 1878.3, 58.697, 1579.3, 299, 1321.7
169.946, 1882.08, 58.815, 1583.27, 298.808, 1317.92
169.946, 1882.08, 58.815, 1583.27, 298.808, 1317.92
169.946, 1882.08, 58.815, 1583.27, 298.808, 1317.92
169.946, 1882.08, 58.815, 1583.27, 298.808, 1317.92
169.946, 1882.08, 58.815, 1583.27, 298.808, 1317.92
170.946, 1885.81, 58.9315, 1588.1, 297.712, 1314.19
170.946, 1885.81, 58.9315, 1588.1, 297.712, 1314.19
170.946, 1885.81, 58.9315, 1588.1, 297.712, 1314.19
170.946, 1885.81, 58.9315, 1588.1, 297.712, 1314.19
170.946, 1885.81, 58.9315, 1588.1, 297.712, 1314.19
170.946, 1885.81, 58.9315, 1588.1, 297.712, 1314.19
171.946, 1891.5, 59.1095, 1593.74, 297.768, 1308.5
171.946, 1891.5, 59.1095, 1593.74, 297.768, 1308.5
171.946, 1891.5, 59.1095, 1593.74, 297.768, 1308.5
171.946, 1891.5, 59.1095, 1593.74, 297.768, 1308.5
171.946, 1891.5, 59.1095, 1593.74, 297.768, 1308.5
171.946, 1891.5, 59.1095, 1593.74, 297.768, 1308.5
172.946, 1899.12, 59.3475, 1601.31, 297.808, 1300.88
172.946, 1899.12, 59.3475, 1601.31, 297.808, 1300.88
172.946, 1899.12, 59.3475, 1601.31, 297.808, 1300.88
172.946, 1899.12, 59.3475, 1601.31, 297.808, 1300.88
172.946, 1899.12, 59.3475, 1601.31, 297.808, 1300.88
173.946, 1902.7, 59.4595, 1605.47, 297.232, 1297.3
173.946, 1902.7, 59.4595, 1605.47, 297.232, 1297.3
173.946, 1902.7, 59.4595, 1605.47, 297.232, 1297.3
173.946, 1902.7, 59.4595, 1605.47, 297.232, 1297.3
173.946, 1902.7, 59.4595, 1605.47, 297.232, 1297.3
174.948, 1904.81, 59.5253, 1607.31, 297.496, 1295.19
174.948, 1904.81, 59.5253, 1607.31, 297.496, 1295.19
174.948, 1904.81, 59.5253, 1607.31, 297.496, 1295.19
174.948, 1904.81, 59.5253, 1607.31, 297.496, 1295.19
174.948, 1904.81, 59.5253, 1607.31, 297.496, 1295.19
174.948, 1904.81, 59.5253, 1607.31, 297.496, 1295.19
175.947, 1909.36, 59.6675, 1612.13, 297.232, 1290.64
175.947, 1909.36, 59.6675, 1612.13, 297.232, 1290.64
175.947, 1909.36, 59.6675, 1612.13, 297.232, 1290.64
175.947, 1909.36, 59.6675, 1612.13, 297.232, 1290.64
175.947, 1909.36, 59.6675, 1612.13, 297.232, 1290.64
176.946, 1914.21, 59.819, 1615.34, 298.872, 1285.79
176.946, 1914.21, 59.819, 1615.34, 298.872, 1285.79
176.946, 1914.21, 59.819, 1615.34, 298.872, 1285.79
176.946, 1914.21, 59.819, 1615.34, 298.872, 1285.79
176.946, 1914.21, 59.819, 1615.34, 298.872, 1285.79
176.946, 1914.21, 59.819, 1615.34, 298.872, 1285.79
177.947, 1917.74, 59.9293, 1617.63, 300.104, 1282.26
177.947, 1917.74, 59.9293, 1617.63, 300.104, 1282.26
177.947, 1917.74, 59.9293, 1617.63, 300.104, 1282.26
177.947, 1917.74, 59.9293, 1617.63, 300.104, 1282.26
177.947, 1917.74, 59.9293, 1617.63, 300.104, 1282.26
177.947, 1917.74, 59.9293, 1617.63, 300.104, 1282.26
178.945, 1920.67, 60.021, 1620.97, 299.704, 1279.33
178.945, 1920.67, 60.021, 1620.97, 299.704, 1279.33
178.945, 1920.67, 60.021, 1620.97, 299.704, 1279.33
178.945, 1920.67, 60.021, 1620.97, 299.704, 1279.33
178.945, 1920.67, 60.021, 1620.97, 299.704, 1279.33
179.946, 1922.69, 60.084, 1624.33, 298.36, 1277.31
179.946, 1922.69, 60.084, 1624.33, 298.36, 1277.31
179.946, 1922.69, 60.084, 1624.33, 298.36, 1277.31
179.946, 1922.69, 60.084, 1624.33, 298.36, 1277.31
179.946, 1922.69, 60.084, 1624.33, 298.36, 1277.31
179.946, 1922.69, 60.084, 1624.33, 298.36, 1277.31
180.947, 1925.16, 60.1613, 1626.6, 298.56, 1274.84
180.947, 1925.16, 60.1613, 1626.6, 298.56, 1274.84
180.947, 1925.16, 60.1613, 1626.6, 298.56, 1274.84
180.947, 1925.16, 60.1613, 1626.6, 298.56, 1274.84
180.947, 1925.16, 60.1613, 1626.6, 298.56, 1274.84
180.947, 1925.16, 60.1613, 1626.6, 298.56, 1274.84
181.946, 1929.1, 60.2843, 1629.42, 299.672, 1270.9
181.946, 1929.1, 60.2843, 1629.42, 299.672, 1270.9
181.946, 1929.1, 60.2843, 1629.42, 299.672, 1270.9
181.946, 1929.1, 60.2843, 1629.42, 299.672, 1270.9
181.946, 1929.1, 60.2843, 1629.42, 299.672, 1270.9
181.946, 1929.1, 60.2843, 1629.42, 299.672, 1270.9
182.945, 1940.25, 60.6328, 1640.73, 299.52, 1259.75
182.945, 1940.25, 60.6328, 1640.73, 299.52, 1259.75
182.945, 1940.25, 60.6328, 1640.73, 299.52, 1259.75
182.945, 1940.25, 60.6328, 1640.73, 299.52, 1259.75
182.945, 1940.25, 60.6328, 1640.73, 299.52, 1259.75
182.945, 1940.25, 60.6328, 1640.73, 299.52, 1259.75
183.946, 1945.52, 60.7975, 1647.19, 298.328, 1254.48
183.946, 1945.52, 60.7975, 1647.19, 298.328, 1254.48
183.946, 1945.52, 60.7975, 1647.19, 298.328, 1254.48
183.946, 1945.52, 60.7975, 1647.19, 298.328, 1254.48
183.946, 1945.52, 60.7975, 1647.19, 298.328, 1254.48
184.946, 1950.56, 60.955, 1652.05, 298.512, 1249.44
184.946, 1950.56, 60.955, 1652.05, 298.512, 1249.44
184.946, 1950.56, 60.955, 1652.05, 298.512, 1249.44
184.946, 1950.56, 60.955, 1652.05, 298.512, 1249.44
184.946, 1950.56, 60.955, 1652.05, 298.512, 1249.44
184.946, 1950.56, 60.955, 1652.05, 298.512, 1249.44
185.945, 1958.5, 61.2033, 1657.46, 301.04, 1241.5
185.945, 1958.5, 61.2033, 1657.46, 301.04, 1241.5
185.945, 1958.5, 61.2033, 1657.46, 301.04, 1241.5
185.945, 1958.5, 61.2033, 1657.46, 301.04, 1241.5
185.945, 1958.5, 61.2033, 1657.46, 301.04, 1241.5
185.945, 1958.5, 61.2033, 1657.46, 301.04, 1241.5
186.946, 1963.82, 61.3693, 1663.7, 300.112, 1236.18
186.946, 1963.82, 61.3693, 1663.7, 300.112, 1236.18
186.946, 1963.82, 61.3693, 1663.7, 300.112, 1236.18
186.946, 1963.82, 61.3693, 1663.7, 300.112, 1236.18
186.946, 1963.82, 61.3693, 1663.7, 300.112, 1236.18
186.946, 1963.82, 61.3693, 1663.7, 300.112, 1236.18
187.945, 1970.62, 61.582, 1669.39, 301.232, 1229.38
187.945, 1970.62, 61.582, 1669.39, 301.232, 1229.38
187.945, 1970.62, 61.582, 1669.39, 301.232, 1229.38
187.945, 1970.62, 61.582, 1669.39, 301.232, 1229.38
187.945, 1970.62, 61.582, 1669.39, 301.232, 1229.38
188.945, 1979.96, 61.8738, 1676.86, 303.096, 1220.04
188.945, 1979.96, 61.8738, 1676.86, 303.096, 1220.04
188.945, 1979.96, 61.8738, 1676.86, 303.096, 1220.04
188.945, 1979.96, 61.8738, 1676.86, 303.096, 1220.04
188.945, 1979.96, 61.8738, 1676.86, 303.096, 1220.04
189.945, 1994.78, 62.3368, 1690.42, 304.36, 1205.22
189.945, 1994.78, 62.3368, 1690.42, 304.36, 1205.22
189.945, 1994.78, 62.3368, 1690.42, 304.36, 1205.22
189.945, 1994.78, 62.3368, 1690.42, 304.36, 1205.22
189.945, 1994.78, 62.3368, 1690.42, 304.36, 1205.22
189.945, 1994.78, 62.3368, 1690.42, 304.36, 1205.22
190.948, 1997.24, 62.4138, 1694.21, 303.032, 1202.76
190.948, 1997.24, 62.4138, 1694.21, 303.032, 1202.76
190.948, 1997.24, 62.4138, 1694.21, 303.032, 1202.76
190.948, 1997.24, 62.4138, 1694.21, 303.032, 1202.76
190.948, 1997.24, 62.4138, 1694.21, 303.032, 1202.76
191.946, 2000.35, 62.511, 1696.67, 303.68, 1199.65
191.946, 2000.35, 62.511, 1696.67, 303.68, 1199.65
191.946, 2000.35, 62.511, 1696.67, 303.68, 1199.65
191.946, 2000.35, 62.511, 1696.67, 303.68, 1199.65
191.946, 2000.35, 62.511, 1696.67, 303.68, 1199.65
192.945, 2007.6, 62.7375, 1701.22, 306.376, 1192.4
192.945, 2007.6, 62.7375, 1701.22, 306.376, 1192.4
192.945, 2007.6, 62.7375, 1701.22, 306.376, 1192.4
192.945, 2007.6, 62.7375, 1701.22, 306.376, 1192.4
192.945, 2007.6, 62.7375, 1701.22, 306.376, 1192.4
192.945, 2007.6, 62.7375, 1701.22, 306.376, 1192.4
193.946, 2024.9, 63.278, 1715.92, 308.976, 1175.1
193.946, 2024.9, 63.278, 1715.92, 308.976, 1175.1
193.946, 2024.9, 63.278, 1715.92, 308.976, 1175.1
193.946, 2024.9, 63.278, 1715.92, 308.976, 1175.1
193.946, 2024.9, 63.278, 1715.92, 308.976, 1175.1
193.946, 2024.9, 63.278, 1715.92, 308.976, 1175.1
194.947, 2042.58, 63.8308, 1731.7, 310.88, 1157.42
194.947, 2042.58, 63.8308, 1731.7, 310.88, 1157.42
194.947, 2042.58, 63.8308, 1731.7, 310.88, 1157.42
194.947, 2042.58, 63.8308, 1731.7, 310.88, 1157.42
194.947, 2042.58, 63.8308, 1731.7, 310.88, 1157.42
195.945, 2052.06, 64.127, 1738.89, 313.176, 1147.94
195.945, 2052.06, 64.127, 1738.89, 313.176, 1147.94
195.945, 2052.06, 64.127, 1738.89, 313.176, 1147.94
195.945, 2052.06, 64.127, 1738.89, 313.176, 1147.94
195.945, 2052.06, 64.127, 1738.89, 313.176, 1147.94
195.945, 2052.06, 64.127, 1738.89, 313.176, 1147.94
196.946, 2060.28, 64.3838, 1746.72, 313.56, 1139.72
196.946, 2060.28, 64.3838, 1746.72, 313.56, 1139.72
196.946, 2060.28, 64.3838, 1746.72, 313.56, 1139.72
196.946, 2060.28, 64.3838, 1746.72, 313.56, 1139.72
196.946, 2060.28, 64.3838, 1746.72, 313.56, 1139.72
196.946, 2060.28, 64.3838, 1746.72, 313.56, 1139.72
197.945, 2064.04, 64.5013, 1750.5, 313.544, 1135.96
197.945, 2064.04, 64.5013, 1750.5, 313.544, 1135.96
197.945, 2064.04, 64.5013, 1750.5, 313.544, 1135.96
197.945, 2064.04, 64.5013, 1750.5, 313.544, 1135.96
197.945, 2064.04, 64.5013, 1750.5, 313.544, 1135.96
198.946, 2068.7, 64.647, 1754.9, 313.8, 1131.3
198.946, 2068.7, 64.647, 1754.9, 313.8, 1131.3
198.946, 2068.7, 64.647, 1754.9, 313.8, 1131.3
198.946, 2068.7, 64.647, 1754.9, 313.8, 1131.3
198.946, 2068.7, 64.647, 1754.9, 313.8, 1131.3
199.946, 2075.4, 64.8563, 1760.31, 315.088, 1124.6
199.946, 2075.4, 64.8563, 1760.31, 315.088, 1124.6
199.946, 2075.4, 64.8563, 1760.31, 315.088, 1124.6
199.946, 2075.4, 64.8563, 1760.31, 315.088, 1124.6
199.946, 2075.4, 64.8563, 1760.31, 315.088, 1124.6
199.946, 2075.4, 64.8563, 1760.31, 315.088, 1124.6
200.945, 2080.94, 65.0293, 1765.4, 315.536, 1119.06
200.945, 2080.94, 65.0293, 1765.4, 315.536, 1119.06
200.945, 2080.94, 65.0293, 1765.4, 315.536, 1119.06
200.945, 2080.94, 65.0293, 1765.4, 315.536, 1119.06
200.945, 2080.94, 65.0293, 1765.4, 315.536, 1119.06
201.945, 2085.77, 65.1803, 1770.16, 315.608, 1114.23
201.945, 2085.77, 65.1803, 1770.16, 315.608, 1114.23
201.945, 2085.77, 65.1803, 1770.16, 315.608, 1114.23
201.945, 2085.77, 65.1803, 1770.16, 315.608, 1114.23
201.945, 2085.77, 65.1803, 1770.16, 315.608, 1114.23
202.949, 2091.75, 65.3673, 1775.6, 316.152, 1108.25
202.949, 2091.75, 65.3673, 1775.6, 316.152, 1108.25
202.949, 2091.75, 65.3673, 1775.6, 316.152, 1108.25
202.949, 2091.75, 65.3673, 1775.6, 316.152, 1108.25
202.949, 2091.75, 65.3673, 1775.6, 316.152, 1108.25
203.946, 2100.74, 65.648, 1782.97, 317.768, 1099.26
203.946, 2100.74, 65.648, 1782.97, 317.768, 1099.26
203.946, 2100.74, 65.648, 1782.97, 317.768, 1099.26
203.946, 2100.74, 65.648, 1782.97, 317.768, 1099.26
203.946, 2100.74, 65.648, 1782.97, 317.768, 1099.26
204.95, 2111.89, 65.9965, 1792.14, 319.744, 1088.11
204.95, 2111.89, 65.9965, 1792.14, 319.744, 1088.11
204.95, 2111.89, 65.9965, 1792.14, 319.744, 1088.11
204.95, 2111.89, 65.9965, 1792.14, 319.744, 1088.11
204.95, 2111.89, 65.9965, 1792.14, 319.744, 1088.11
205.945, 2120.19, 66.256, 1799.42, 320.776, 1079.81
205.945, 2120.19, 66.256, 1799.42, 320.776, 1079.81
205.945, 2120.19, 66.256, 1799.42, 320.776, 1079.81
205.945, 2120.19, 66.256, 1799.42, 320.776, 1079.81
205.945, 2120.19, 66.256, 1799.42, 320.776, 1079.81
205.945, 2120.19, 66.256, 1799.42, 320.776, 1079.81
206.945, 2128.9, 66.528, 1807.13, 321.768, 1071.1
206.945, 2128.9, 66.528, 1807.13, 321.768, 1071.1
206.945, 2128.9, 66.528, 1807.13, 321.768, 1071.1
206.945, 2128.9, 66.528, 1807.13, 321.768, 1071.1
206.945, 2128.9, 66.528, 1807.13, 321.768, 1071.1
206.945, 2128.9, 66.528, 1807.13, 321.768, 1071.1
207.945, 2132.5, 66.6405, 1809.15, 323.344, 1067.5
207.945, 2132.5, 66.6405, 1809.15, 323.344, 1067.5
207.945, 2132.5, 66.6405, 1809.15, 323.344, 1067.5
207.945, 2132.5, 66.6405, 1809.15, 323.344, 1067.5
207.945, 2132.5, 66.6405, 1809.15, 323.344, 1067.5
207.945, 2132.5, 66.6405, 1809.15, 323.344, 1067.5
208.947, 2133.73, 66.679, 1808.54, 325.192, 1066.27
208.947, 2133.73, 66.679, 1808.54, 325.192, 1066.27
208.947, 2133.73, 66.679, 1808.54, 325.192, 1066.27
208.947, 2133.73, 66.679, 1808.54, 325.192, 1066.27
208.947, 2133.73, 66.679, 1808.54, 325.192, 1066.27
209.949, 2134.94, 66.7168, 1809.41, 325.528, 1065.06
209.949, 2134.94, 66.7168, 1809.41, 325.528, 1065.06
209.949, 2134.94, 66.7168, 1809.41, 325.528, 1065.06
209.949, 2134.94, 66.7168, 1809.41, 325.528, 1065.06
209.949, 2134.94, 66.7168, 1809.41, 325.528, 1065.06
210.947, 2137.17, 66.7865, 1811.32, 325.848, 1062.83
210.947, 2137.17, 66.7865, 1811.32, 325.848, 1062.83
210.947, 2137.17, 66.7865, 1811.32, 325.848, 1062.83
210.947, 2137.17, 66.7865, 1811.32, 325.848, 1062.83
210.947, 2137.17, 66.7865, 1811.32, 325.848, 1062.83
210.947, 2137.17, 66.7865, 1811.32, 325.848, 1062.83
211.945, 2139.49, 66.859, 1813.46, 326.032, 1060.51
211.945, 2139.49, 66.859, 1813.46, 326.032, 1060.51
211.945, 2139.49, 66.859, 1813.46, 326.032, 1060.51
211.945, 2139.49, 66.859, 1813.46, 326.032, 1060.51
211.945, 2139.49, 66.859, 1813.46, 326.032, 1060.51
211.945, 2139.49, 66.859, 1813.46, 326.032, 1060.51
212.947, 2143.69, 66.9903, 1817.66, 326.024, 1056.31
212.947, 2143.69, 66.9903, 1817.66, 326.024, 1056.31
212.947, 2143.69, 66.9903, 1817.66, 326.024, 1056.31
212.947, 2143.69, 66.9903, 1817.66, 326.024, 1056.31
212.947, 2143.69, 66.9903, 1817.66, 326.024, 1056.31
213.946, 2148.76, 67.1488, 1823.38, 325.384, 1051.24
213.946, 2148.76, 67.1488, 1823.38, 325.384, 1051.24
213.946, 2148.76, 67.1488, 1823.38, 325.384, 1051.24
213.946, 2148.76, 67.1488, 1823.38, 325.384, 1051.24
213.946, 2148.76, 67.1488, 1823.38, 325.384, 1051.24
214.948, 2152.01, 67.2503, 1827.1, 324.904, 1047.99
214.948, 2152.01, 67.2503, 1827.1, 324.904, 1047.99
214.948, 2152.01, 67.2503, 1827.1, 324.904, 1047.99
214.948, 2152.01, 67.2503, 1827.1, 324.904, 1047.99
214.948, 2152.01, 67.2503, 1827.1, 324.904, 1047.99
215.947, 2157.1, 67.4095, 1831.2, 325.904, 1042.9
215.947, 2157.1, 67.4095, 1831.2, 325.904, 1042.9
215.947, 2157.1, 67.4095, 1831.2, 325.904, 1042.9
215.947, 2157.1, 67.4095, 1831.2, 325.904, 1042.9
215.947, 2157.1, 67.4095, 1831.2, 325.904, 1042.9
216.946, 2159.12, 67.4725, 1832.31, 326.808, 1040.88
216.946, 2159.12, 67.4725, 1832.31, 326.808, 1040.88
216.946, 2159.12, 67.4725, 1832.31, 326.808, 1040.88
216.946, 2159.12, 67.4725, 1832.31, 326.808, 1040.88
216.946, 2159.12, 67.4725, 1832.31, 326.808, 1040.88
217.946, 2160.53, 67.5165, 1833.46, 327.072, 1039.47
217.946, 2160.53, 67.5165, 1833.46, 327.072, 1039.47
217.946, 2160.53, 67.5165, 1833.46, 327.072, 1039.47
217.946, 2160.53, 67.5165, 1833.46, 327.072, 1039.47
217.946, 2160.53, 67.5165, 1833.46, 327.072, 1039.47
217.946, 2160.53, 67.5165, 1833.46, 327.072, 1039.47
218.947, 2163.06, 67.5955, 1834.2, 328.856, 1036.94
218.947, 2163.06, 67.5955, 1834.2, 328.856, 1036.94
218.947, 2163.06, 67.5955, 1834.2, 328.856, 1036.94
218.947, 2163.06, 67.5955, 1834.2, 328.856, 1036.94
218.947, 2163.06, 67.5955, 1834.2, 328.856, 1036.94
218.947, 2163.06, 67.5955, 1834.2, 328.856, 1036.94
219.948, 2169.58, 67.7993, 1839.81, 329.768, 1030.42
219.948, 2169.58, 67.7993, 1839.81, 329.768, 1030.42
219.948, 2169.58, 67.7993, 1839.81, 329.768, 1030.42
219.948, 2169.58, 67.7993, 1839.81, 329.768, 1030.42
219.948, 2169.58, 67.7993, 1839.81, 329.768, 1030.42
220.945, 2171.47, 67.8585, 1841.78, 329.688, 1028.53
220.945, 2171.47, 67.8585, 1841.78, 329.688, 1028.53
220.945, 2171.47, 67.8585, 1841.78, 329.688, 1028.53
220.945, 2171.47, 67.8585, 1841.78, 329.688, 1028.53
220.945, 2171.47, 67.8585, 1841.78, 329.688, 1028.53
220.945, 2171.47, 67.8585, 1841.78, 329.688, 1028.53
221.945, 2175.25, 67.9765, 1845.18, 330.064, 1024.75
221.945, 2175.25, 67.9765, 1845.18, 330.064, 1024.75
221.945, 2175.25, 67.9765, 1845.18, 330.064, 1024.75
221.945, 2175.25, 67.9765, 1845.18, 330.064, 1024.75
221.945, 2175.25, 67.9765, 1845.18, 330.064, 1024.75
221.945, 2175.25, 67.9765, 1845.18, 330.064, 1024.75
222.945, 2178.73, 68.0853, 1848.5, 330.224, 1021.27
222.945, 2178.73, 68.0853, 1848.5, 330.224, 1021.27
222.945, 2178.73, 68.0853, 1848.5, 330.224, 1021.27
222.945, 2178.73, 68.0853, 1848.5, 330.224, 1021.27
222.945, 2178.73, 68.0853, 1848.5, 330.224, 1021.27
223.947, 2182.62, 68.2068, 1850.18, 332.44, 1017.38
223.947, 2182.62, 68.2068, 1850.18, 332.44, 1017.38
223.947, 2182.62, 68.2068, 1850.18, 332.44, 1017.38
223.947, 2182.62, 68.2068, 1850.18, 332.44, 1017.38
223.947, 2182.62, 68.2068, 1850.18, 332.44, 1017.38
224.947, 2185.88, 68.3088, 1853.72, 332.16, 1014.12
224.947, 2185.88, 68.3088, 1853.72, 332.16, 1014.12
224.947, 2185.88, 68.3088, 1853.72, 332.16, 1014.12
224.947, 2185.88, 68.3088, 1853.72, 332.16, 1014.12
224.947, 2185.88, 68.3088, 1853.72, 332.16, 1014.12
225.945, 2188.73, 68.3978, 1856.83, 331.896, 1011.27
225.945, 2188.73, 68.3978, 1856.83, 331.896, 1011.27
225.945, 2188.73, 68.3978, 1856.83, 331.896, 1011.27
225.945, 2188.73, 68.3978, 1856.83, 331.896, 1011.27
225.945, 2188.73, 68.3978, 1856.83, 331.896, 1011.27
225.945, 2188.73, 68.3978, 1856.83, 331.896, 1011.27
226.945, 2190.65, 68.4578, 1859.28, 331.368, 1009.35
226.945, 2190.65, 68.4578, 1859.28, 331.368, 1009.35
226.945, 2190.65, 68.4578, 1859.28, 331.368, 1009.35
226.945, 2190.65, 68.4578, 1859.28, 331.368, 1009.35
226.945, 2190.65, 68.4578, 1859.28, 331.368, 1009.35
226.945, 2190.65, 68.4578, 1859.28, 331.368, 1009.35
227.947, 2192.3, 68.5095, 1861.38, 330.92, 1007.7
227.947, 2192.3, 68.5095, 1861.38, 330.92, 1007.7
227.947, 2192.3, 68.5095, 1861.38, 330.92, 1007.7
227.947, 2192.3, 68.5095, 1861.38, 330.92, 1007.7
227.947, 2192.3, 68.5095, 1861.38, 330.92, 1007.7
228.947, 2193.48, 68.5463, 1861.66, 331.824, 1006.52
228.947, 2193.48, 68.5463, 1861.66, 331.824, 1006.52
228.947, 2193.48, 68.5463, 1861.66, 331.824, 1006.52
228.947, 2193.48, 68.5463, 1861.66, 331.824, 1006.52
228.947, 2193.48, 68.5463, 1861.66, 331.824, 1006.52
229.945, 2194.06, 68.5643, 1862.26, 331.8, 1005.94
229.945, 2194.06, 68.5643, 1862.26, 331.8, 1005.94
229.945, 2194.06, 68.5643, 1862.26, 331.8, 1005.94
229.945, 2194.06, 68.5643, 1862.26, 331.8, 1005.94
229.945, 2194.06, 68.5643, 1862.26, 331.8, 1005.94
229.945, 2194.06, 68.5643, 1862.26, 331.8, 1005.94
230.945, 2196.97, 68.6553, 1865.26, 331.704, 1003.03
230.945, 2196.97, 68.6553, 1865.26, 331.704, 1003.03
230.945, 2196.97, 68.6553, 1865.26, 331.704, 1003.03
230.945, 2196.97, 68.6553, 1865.26, 331.704, 1003.03
230.945, 2196.97, 68.6553, 1865.26, 331.704, 1003.03
230.945, 2196.97, 68.6553, 1865.26, 331.704, 1003.03
231.948, 2199.22, 68.7255, 1868.4, 330.816, 1000.78
231.948, 2199.22, 68.7255, 1868.4, 330.816, 1000.78
231.948, 2199.22, 68.7255, 1868.4, 330.816, 1000.78
231.948, 2199.22, 68.7255, 1868.4, 330.816, 1000.78
231.948, 2199.22, 68.7255, 1868.4, 330.816, 1000.78
232.945, 2199.92, 68.7475, 1869.65, 330.272, 1000.08
232.945, 2199.92, 68.7475, 1869.65, 330.272, 1000.08
232.945, 2199.92, 68.7475, 1869.65, 330.272, 1000.08
232.945, 2199.92, 68.7475, 1869.65, 330.272, 1000.08
232.945, 2199.92, 68.7475, 1869.65, 330.272, 1000.08
233.946, 2201.17, 68.7865, 1870.8, 330.368, 998.832
233.946, 2201.17, 68.7865, 1870.8, 330.368, 998.832
233.946, 2201.17, 68.7865, 1870.8, 330.368, 998.832
233.946, 2201.17, 68.7865, 1870.8, 330.368, 998.832
233.946, 2201.17, 68.7865, 1870.8, 330.368, 998.832
234.948, 2203.13, 68.8478, 1872.63, 330.496, 996.872
234.948, 2203.13, 68.8478, 1872.63, 330.496, 996.872
234.948, 2203.13, 68.8478, 1872.63, 330.496, 996.872
234.948, 2203.13, 68.8478, 1872.63, 330.496, 996.872
234.948, 2203.13, 68.8478, 1872.63, 330.496, 996.872
235.946, 2205.7, 68.9283, 1875.74, 329.968, 994.296
235.946, 2205.7, 68.9283, 1875.74, 329.968, 994.296
235.946, 2205.7, 68.9283, 1875.74, 329.968, 994.296
235.946, 2205.7, 68.9283, 1875.74, 329.968, 994.296
235.946, 2205.7, 68.9283, 1875.74, 329.968, 994.296
235.946, 2205.7, 68.9283, 1875.74, 329.968, 994.296
236.946, 2208.74, 69.023, 1878.15, 330.584, 991.264
236.946, 2208.74, 69.023, 1878.15, 330.584, 991.264
236.946, 2208.74, 69.023, 1878.15, 330.584, 991.264
236.946, 2208.74, 69.023, 1878.15, 330.584, 991.264
236.946, 2208.74, 69.023, 1878.15, 330.584, 991.264
236.946, 2208.74, 69.023, 1878.15, 330.584, 991.264
237.945, 2213.7, 69.178, 1882.06, 331.632, 986.304
237.945, 2213.7, 69.178, 1882.06, 331.632, 986.304
237.945, 2213.7, 69.178, 1882.06, 331.632, 986.304
237.945, 2213.7, 69.178, 1882.06, 331.632, 986.304
237.945, 2213.7, 69.178, 1882.06, 331.632, 986.304
238.945, 2217.82, 69.3068, 1886.12, 331.696, 982.184
238.945, 2217.82, 69.3068, 1886.12, 331.696, 982.184
238.945, 2217.82, 69.3068, 1886.12, 331.696, 982.184
238.945, 2217.82, 69.3068, 1886.12, 331.696, 982.184
238.945, 2217.82, 69.3068, 1886.12, 331.696, 982.184
238.945, 2217.82, 69.3068, 1886.12, 331.696, 982.184
239.946, 2220.75, 69.3985, 1887.57, 333.184, 979.248
239.946, 2220.75, 69.3985, 1887.57, 333.184, 979.248
239.946, 2220.75, 69.3985, 1887.57, 333.184, 979.248
239.946, 2220.75, 69.3985, 1887.57, 333.184, 979.248
239.946, 2220.75, 69.3985, 1887.57, 333.184, 979.248
240.947, 2222.62, 69.457, 1890.55, 332.072, 977.376
240.947, 2222.62, 69.457, 1890.55, 332.072, 977.376
240.947, 2222.62, 69.457, 1890.55, 332.072, 977.376
240.947, 2222.62, 69.457, 1890.55, 332.072, 977.376
240.947, 2222.62, 69.457, 1890.55, 332.072, 977.376
240.947, 2222.62, 69.457, 1890.55, 332.072, 977.376
241.945, 2225.43, 69.5448, 1892.43, 333, 974.568
241.945, 2225.43, 69.5448, 1892.43, 333, 974.568
241.945, 2225.43, 69.5448, 1892.43, 333, 974.568
241.945, 2225.43, 69.5448, 1892.43, 333, 974.568
241.945, 2225.43, 69.5448, 1892.43, 333, 974.568
241.945, 2225.43, 69.5448, 1892.43, 333, 974.568
242.946, 2229.4, 69.6688, 1895.9, 333.504, 970.6
242.946, 2229.4, 69.6688, 1895.9, 333.504, 970.6
242.946, 2229.4, 69.6688, 1895.9, 333.504, 970.6
242.946, 2229.4, 69.6688, 1895.9, 333.504, 970.6
242.946, 2229.4, 69.6688, 1895.9, 333.504, 970.6
243.945, 2233, 69.7813, 1899.58, 333.424, 967
243.945, 2233, 69.7813, 1899.58, 333.424, 967
243.945, 2233, 69.7813, 1899.58, 333.424, 967
243.945, 2233, 69.7813, 1899.58, 333.424, 967
243.945, 2233, 69.7813, 1899.58, 333.424, 967
243.945, 2233, 69.7813, 1899.58, 333.424, 967
244.945, 2237.52, 69.9225, 1903.66, 333.856, 962.48
244.945, 2237.52, 69.9225, 1903.66, 333.856, 962.48
244.945, 2237.52, 69.9225, 1903.66, 333.856, 962.48
244.945, 2237.52, 69.9225, 1903.66, 333.856, 962.48
244.945, 2237.52, 69.9225, 1903.66, 333.856, 962.48
245.945, 2244.62, 70.1445, 1910.69, 333.936, 955.376
245.945, 2244.62, 70.1445, 1910.69, 333.936, 955.376
245.945, 2244.62, 70.1445, 1910.69, 333.936, 955.376
245.945, 2244.62, 70.1445, 1910.69, 333.936, 955.376
245.945, 2244.62, 70.1445, 1910.69, 333.936, 955.376
245.945, 2244.62, 70.1445, 1910.69, 333.936, 955.376
246.946, 2247.89, 70.2465, 1914.24, 333.648, 952.112
246.946, 2247.89, 70.2465, 1914.24, 333.648, 952.112
246.946, 2247.89, 70.2465, 1914.24, 333.648, 952.112
246.946, 2247.89, 70.2465, 1914.24, 333.648, 952.112
246.946, 2247.89, 70.2465, 1914.24, 333.648, 952.112
247.946, 2253.26, 70.4145, 1919.46, 333.808, 946.736
247.946, 2253.26, 70.4145, 1919.46, 333.808, 946.736
247.946, 2253.26, 70.4145, 1919.46, 333.808, 946.736
247.946, 2253.26, 70.4145, 1919.46, 333.808, 946.736
247.946, 2253.26, 70.4145, 1919.46, 333.808, 946.736
247.946, 2253.26, 70.4145, 1919.46, 333.808, 946.736
248.946, 2257.02, 70.532, 1923.28, 333.744, 942.976
248.946, 2257.02, 70.532, 1923.28, 333.744, 942.976
248.946, 2257.02, 70.532, 1923.28, 333.744, 942.976
248.946, 2257.02, 70.532, 1923.28, 333.744, 942.976
248.946, 2257.02, 70.532, 1923.28, 333.744, 942.976
248.946, 2257.02, 70.532, 1923.28, 333.744, 942.976
249.947, 2265.56, 70.7988, 1930.1, 335.456, 934.44
249.947, 2265.56, 70.7988, 1930.1, 335.456, 934.44
249.947, 2265.56, 70.7988, 1930.1, 335.456, 934.44
249.947, 2265.56, 70.7988, 1930.1, 335.456, 934.44
249.947, 2265.56, 70.7988, 1930.1, 335.456, 934.44
250.946, 2272.89, 71.0278, 1937.29, 335.6, 927.112
250.946, 2272.89, 71.0278, 1937.29, 335.6, 927.112
250.946, 2272.89, 71.0278, 1937.29, 335.6, 927.112
250.946, 2272.89, 71.0278, 1937.29, 335.6, 927.112
250.946, 2272.89, 71.0278, 1937.29, 335.6, 927.112
251.946, 2277.2, 71.1625, 1940.41, 336.792, 922.8
251.946, 2277.2, 71.1625, 1940.41, 336.792, 922.8
251.946, 2277.2, 71.1625, 1940.41, 336.792, 922.8
251.946, 2277.2, 71.1625, 1940.41, 336.792, 922.8
251.946, 2277.2, 71.1625, 1940.41, 336.792, 922.8
251.946, 2277.2, 71.1625, 1940.41, 336.792, 922.8
252.949, 2283.07, 71.346, 1947.09, 335.984, 916.928
252.949, 2283.07, 71.346, 1947.09, 335.984, 916.928
252.949, 2283.07, 71.346, 1947.09, 335.984, 916.928
252.949, 2283.07, 71.346, 1947.09, 335.984, 916.928
252.949, 2283.07, 71.346, 1947.09, 335.984, 916.928
252.949, 2283.07, 71.346, 1947.09, 335.984, 916.928
253.945, 2286.34, 71.448, 1950.58, 335.752, 913.664
253.945, 2286.34, 71.448, 1950.58, 335.752, 913.664
253.945, 2286.34, 71.448, 1950.58, 335.752, 913.664
253.945, 2286.34, 71.448, 1950.58, 335.752, 913.664
253.945, 2286.34, 71.448, 1950.58, 335.752, 913.664
253.945, 2286.34, 71.448, 1950.58, 335.752, 913.664
254.946, 2294.97, 71.7178, 1959.48, 335.488, 905.032
254.946, 2294.97, 71.7178, 1959.48, 335.488, 905.032
254.946, 2294.97, 71.7178, 1959.48, 335.488, 905.032
254.946, 2294.97, 71.7178, 1959.48, 335.488, 905.032
254.946, 2294.97, 71.7178, 1959.48, 335.488, 905.032
254.946, 2294.97, 71.7178, 1959.48, 335.488, 905.032
255.945, 2302.62, 71.957, 1966.34, 336.28, 897.376
255.945, 2302.62, 71.957, 1966.34, 336.28, 897.376
255.945, 2302.62, 71.957, 1966.34, 336.28, 897.376
255.945, 2302.62, 71.957, 1966.34, 336.28, 897.376
255.945, 2302.62, 71.957, 1966.34, 336.28, 897.376
255.945, 2302.62, 71.957, 1966.34, 336.28, 897.376
256.945, 2309.61, 72.1753, 1972.67, 336.936, 890.392
256.945, 2309.61, 72.1753, 1972.67, 336.936, 890.392
256.945, 2309.61, 72.1753, 1972.67, 336.936, 890.392
256.945, 2309.61, 72.1753, 1972.67, 336.936, 890.392
256.945, 2309.61, 72.1753, 1972.67, 336.936, 890.392
257.945, 2313.1, 72.2845, 1976.53, 336.576, 886.896
257.945, 2313.1, 72.2845, 1976.53, 336.576, 886.896
257.945, 2313.1, 72.2845, 1976.53, 336.576, 886.896
257.945, 2313.1, 72.2845, 1976.53, 336.576, 886.896
257.945, 2313.1, 72.2845, 1976.53, 336.576, 886.896
258.945, 2317.96, 72.4363, 1981.25, 336.712, 882.04
258.945, 2317.96, 72.4363, 1981.25, 336.712, 882.04
258.945, 2317.96, 72.4363, 1981.25, 336.712, 882.04
258.945, 2317.96, 72.4363, 1981.25, 336.712, 882.04
258.945, 2317.96, 72.4363, 1981.25, 336.712, 882.04
258.945, 2317.96, 72.4363, 1981.25, 336.712, 882.04
259.947, 2324.72, 72.6475, 1988.4, 336.32, 875.28
259.947, 2324.72, 72.6475, 1988.4, 336.32, 875.28
259.947, 2324.72, 72.6475, 1988.4, 336.32, 875.28
259.947, 2324.72, 72.6475, 1988.4, 336.32, 875.28
259.947, 2324.72, 72.6475, 1988.4, 336.32, 875.28
260.947, 2331.6, 72.8625, 1993.74, 337.864, 868.4
260.947, 2331.6, 72.8625, 1993.74, 337.864, 868.4
260.947, 2331.6, 72.8625, 1993.74, 337.864, 868.4
260.947, 2331.6, 72.8625, 1993.74, 337.864, 868.4
260.947, 2331.6, 72.8625, 1993.74, 337.864, 868.4
260.947, 2331.6, 72.8625, 1993.74, 337.864, 868.4
261.947, 2343.02, 73.2195, 2004.25, 338.776, 856.976
261.947, 2343.02, 73.2195, 2004.25, 338.776, 856.976
261.947, 2343.02, 73.2195, 2004.25, 338.776, 856.976
261.947, 2343.02, 73.2195, 2004.25, 338.776, 856.976
261.947, 2343.02, 73.2195, 2004.25, 338.776, 856.976
262.945, 2352.29, 73.509, 2013.08, 339.208, 847.712
262.945, 2352.29, 73.509, 2013.08, 339.208, 847.712
262.945, 2352.29, 73.509, 2013.08, 339.208, 847.712
262.945, 2352.29, 73.509, 2013.08, 339.208, 847.712
262.945, 2352.29, 73.509, 2013.08, 339.208, 847.712
263.945, 2355.62, 73.613, 2017.66, 337.952, 844.384
263.945, 2355.62, 73.613, 2017.66, 337.952, 844.384
263.945, 2355.62, 73.613, 2017.66, 337.952, 844.384
263.945, 2355.62, 73.613, 2017.66, 337.952, 844.384
263.945, 2355.62, 73.613, 2017.66, 337.952, 844.384
264.945, 2359.74, 73.742, 2021.04, 338.704, 840.256
264.945, 2359.74, 73.742, 2021.04, 338.704, 840.256
264.945, 2359.74, 73.742, 2021.04, 338.704, 840.256
264.945, 2359.74, 73.742, 2021.04, 338.704, 840.256
264.945, 2359.74, 73.742, 2021.04, 338.704, 840.256
265.949, 2367.6, 73.9875, 2027.94, 339.656, 832.4
265.949, 2367.6, 73.9875, 2027.94, 339.656, 832.4
265.949, 2367.6, 73.9875, 2027.94, 339.656, 832.4
265.949, 2367.6, 73.9875, 2027.94, 339.656, 832.4
265.949, 2367.6, 73.9875, 2027.94, 339.656, 832.4
266.945, 2375.29, 74.2278, 2034.7, 340.584, 824.712
266.945, 2375.29, 74.2278, 2034.7, 340.584, 824.712
266.945, 2375.29, 74.2278, 2034.7, 340.584, 824.712
266.945, 2375.29, 74.2278, 2034.7, 340.584, 824.712
266.945, 2375.29, 74.2278, 2034.7, 340.584, 824.712
266.945, 2375.29, 74.2278, 2034.7, 340.584, 824.712
267.945, 2389.98, 74.6868, 2047.4, 342.576, 810.024
267.945, 2389.98, 74.6868, 2047.4, 342.576, 810.024
267.945, 2389.98, 74.6868, 2047.4, 342.576, 810.024
267.945, 2389.98, 74.6868, 2047.4, 342.576, 810.024
267.945, 2389.98, 74.6868, 2047.4, 342.576, 810.024
267.945, 2389.98, 74.6868, 2047.4, 342.576, 810.024
268.945, 2396.53, 74.8915, 2054.5, 342.024, 803.472
268.945, 2396.53, 74.8915, 2054.5, 342.024, 803.472
268.945, 2396.53, 74.8915, 2054.5, 342.024, 803.472
268.945, 2396.53, 74.8915, 2054.5, 342.024, 803.472
268.945, 2396.53, 74.8915, 2054.5, 342.024, 803.472
268.945, 2396.53, 74.8915, 2054.5, 342.024, 803.472
269.946, 2398.33, 74.9478, 2056.1, 342.224, 801.672
269.946, 2398.33, 74.9478, 2056.1, 342.224, 801.672
269.946, 2398.33, 74.9478, 2056.1, 342.224, 801.672
269.946, 2398.33, 74.9478, 2056.1, 342.224, 801.672
269.946, 2398.33, 74.9478, 2056.1, 342.224, 801.672
269.946, 2398.33, 74.9478, 2056.1, 342.224, 801.672
270.946, 2399.62, 74.988, 2058.64, 340.976, 800.384
270.946, 2399.62, 74.988, 2058.64, 340.976, 800.384
270.946, 2399.62, 74.988, 2058.64, 340.976, 800.384
270.946, 2399.62, 74.988, 2058.64, 340.976, 800.384
270.946, 2399.62, 74.988, 2058.64, 340.976, 800.384
271.945, 2400.73, 75.0228, 2059.23, 341.496, 799.272
271.945, 2400.73, 75.0228, 2059.23, 341.496, 799.272
271.945, 2400.73, 75.0228, 2059.23, 341.496, 799.272
271.945, 2400.73, 75.0228, 2059.23, 341.496, 799.272
271.945, 2400.73, 75.0228, 2059.23, 341.496, 799.272
271.945, 2400.73, 75.0228, 2059.23, 341.496, 799.272
272.946, 2409.06, 75.283, 2067.5, 341.552, 790.944
272.946, 2409.06, 75.283, 2067.5, 341.552, 790.944
272.946, 2409.06, 75.283, 2067.5, 341.552, 790.944
272.946, 2409.06, 75.283, 2067.5, 341.552, 790.944
272.946, 2409.06, 75.283, 2067.5, 341.552, 790.944
273.945, 2416, 75.5, 2073.84, 342.16, 784
273.945, 2416, 75.5, 2073.84, 342.16, 784
273.945, 2416, 75.5, 2073.84, 342.16, 784
273.945, 2416, 75.5, 2073.84, 342.16, 784
273.945, 2416, 75.5, 2073.84, 342.16, 784
274.945, 2419.99, 75.6248, 2077.95, 342.04, 780.008
274.945, 2419.99, 75.6248, 2077.95, 342.04, 780.008
274.945, 2419.99, 75.6248, 2077.95, 342.04, 780.008
274.945, 2419.99, 75.6248, 2077.95, 342.04, 780.008
274.945, 2419.99, 75.6248, 2077.95, 342.04, 780.008
275.945, 2422.83, 75.7135, 2079.86, 342.968, 777.168
275.945, 2422.83, 75.7135, 2079.86, 342.968, 777.168
275.945, 2422.83, 75.7135, 2079.86, 342.968, 777.168
275.945, 2422.83, 75.7135, 2079.86, 342.968, 777.168
275.945, 2422.83, 75.7135, 2079.86, 342.968, 777.168
276.946, 2424.78, 75.7743, 2080.9, 343.88, 775.224
276.946, 2424.78, 75.7743, 2080.9, 343.88, 775.224
276.946, 2424.78, 75.7743, 2080.9, 343.88, 775.224
276.946, 2424.78, 75.7743, 2080.9, 343.88, 775.224
276.946, 2424.78, 75.7743, 2080.9, 343.88, 775.224
276.946, 2424.78, 75.7743, 2080.9, 343.88, 775.224
277.945, 2426.09, 75.8153, 2081.95, 344.136, 773.912
277.945, 2426.09, 75.8153, 2081.95, 344.136, 773.912
277.945, 2426.09, 75.8153, 2081.95, 344.136, 773.912
277.945, 2426.09, 75.8153, 2081.95, 344.136, 773.912
277.945, 2426.09, 75.8153, 2081.95, 344.136, 773.912
277.945, 2426.09, 75.8153, 2081.95, 344.136, 773.912
278.945, 2428.08, 75.8775, 2083.61, 344.472, 771.92
278.945, 2428.08, 75.8775, 2083.61, 344.472, 771.92
278.945, 2428.08, 75.8775, 2083.61, 344.472, 771.92
278.945, 2428.08, 75.8775, 2083.61, 344.472, 771.92
278.945, 2428.08, 75.8775, 2083.61, 344.472, 771.92
279.945, 2429.8, 75.9313, 2084.99, 344.808, 770.2
279.945, 2429.8, 75.9313, 2084.99, 344.808, 770.2
279.945, 2429.8, 75.9313, 2084.99, 344.808, 770.2
279.945, 2429.8, 75.9313, 2084.99, 344.808, 770.2
279.945, 2429.8, 75.9313, 2084.99, 344.808, 770.2
280.945, 2439.94, 76.248, 2092.89, 347.048, 760.064
280.945, 2439.94, 76.248, 2092.89, 347.048, 760.064
280.945, 2439.94, 76.248, 2092.89, 347.048, 760.064
280.945, 2439.94, 76.248, 2092.89, 347.048, 760.064
280.945, 2439.94, 76.248, 2092.89, 347.048, 760.064
280.945, 2439.94, 76.248, 2092.89, 347.048, 760.064
281.946, 2446.63, 76.4573, 2098.9, 347.728, 753.368
281.946, 2446.63, 76.4573, 2098.9, 347.728, 753.368
281.946, 2446.63, 76.4573, 2098.9, 347.728, 753.368
281.946, 2446.63, 76.4573, 2098.9, 347.728, 753.368
281.946, 2446.63, 76.4573, 2098.9, 347.728, 753.368
282.946, 2452.78, 76.6495, 2103.46, 349.32, 747.216
282.946, 2452.78, 76.6495, 2103.46, 349.32, 747.216
282.946, 2452.78, 76.6495, 2103.46, 349.32, 747.216
282.946, 2452.78, 76.6495, 2103.46, 349.32, 747.216
282.946, 2452.78, 76.6495, 2103.46, 349.32, 747.216
283.945, 2458.4, 76.825, 2108.06, 350.336, 741.6
283.945, 2458.4, 76.825, 2108.06, 350.336, 741.6
283.945, 2458.4, 76.825, 2108.06, 350.336, 741.6
283.945, 2458.4, 76.825, 2108.06, 350.336, 741.6
283.945, 2458.4, 76.825, 2108.06, 350.336, 741.6
284.948, 2460.43, 76.8885, 2109.66, 350.768, 739.568
284.948, 2460.43, 76.8885, 2109.66, 350.768, 739.568
284.948, 2460.43, 76.8885, 2109.66, 350.768, 739.568
284.948, 2460.43, 76.8885, 2109.66, 350.768, 739.568
284.948, 2460.43, 76.8885, 2109.66, 350.768, 739.568
285.948, 2464.21, 77.0065, 2113.41, 350.8, 735.792
285.948, 2464.21, 77.0065, 2113.41, 350.8, 735.792
285.948, 2464.21, 77.0065, 2113.41, 350.8, 735.792
285.948, 2464.21, 77.0065, 2113.41, 350.8, 735.792
285.948, 2464.21, 77.0065, 2113.41, 350.8, 735.792
286.945, 2468.67, 77.146, 2118.18, 350.496, 731.328
286.945, 2468.67, 77.146, 2118.18, 350.496, 731.328
286.945, 2468.67, 77.146, 2118.18, 350.496, 731.328
286.945, 2468.67, 77.146, 2118.18, 350.496, 731.328
286.945, 2468.67, 77.146, 2118.18, 350.496, 731.328
287.945, 2472.68, 77.2713, 2122.85, 349.832, 727.32
287.945, 2472.68, 77.2713, 2122.85, 349.832, 727.32
287.945, 2472.68, 77.2713, 2122.85, 349.832, 727.32
287.945, 2472.68, 77.2713, 2122.85, 349.832, 727.32
287.945, 2472.68, 77.2713, 2122.85, 349.832, 727.32
287.945, 2472.68, 77.2713, 2122.85, 349.832, 727.32
288.946, 2476.82, 77.4008, 2125.77, 351.056, 723.176
288.946, 2476.82, 77.4008, 2125.77, 351.056, 723.176
288.946, 2476.82, 77.4008, 2125.77, 351.056, 723.176
288.946, 2476.82, 77.4008, 2125.77, 351.056, 723.176
288.946, 2476.82, 77.4008, 2125.77, 351.056, 723.176
289.946, 2479.92, 77.4975, 2127.54, 352.376, 720.08
289.946, 2479.92, 77.4975, 2127.54, 352.376, 720.08
289.946, 2479.92, 77.4975, 2127.54, 352.376, 720.08
289.946, 2479.92, 77.4975, 2127.54, 352.376, 720.08
289.946, 2479.92, 77.4975, 2127.54, 352.376, 720.08
289.946, 2479.92, 77.4975, 2127.54, 352.376, 720.08
290.946, 2483.43, 77.6073, 2129.97, 353.464, 716.568
290.946, 2483.43, 77.6073, 2129.97, 353.464, 716.568
290.946, 2483.43, 77.6073, 2129.97, 353.464, 716.568
290.946, 2483.43, 77.6073, 2129.97, 353.464, 716.568
290.946, 2483.43, 77.6073, 2129.97, 353.464, 716.568
291.945, 2489.52, 77.7975, 2135.27, 354.248, 710.48
291.945, 2489.52, 77.7975, 2135.27, 354.248, 710.48
291.945, 2489.52, 77.7975, 2135.27, 354.248, 710.48
291.945, 2489.52, 77.7975, 2135.27, 354.248, 710.48
291.945, 2489.52, 77.7975, 2135.27, 354.248, 710.48
292.946, 2493.14, 77.9105, 2140.54, 352.6, 706.864
292.946, 2493.14, 77.9105, 2140.54, 352.6, 706.864
292.946, 2493.14, 77.9105, 2140.54, 352.6, 706.864
292.946, 2493.14, 77.9105, 2140.54, 352.6, 706.864
292.946, 2493.14, 77.9105, 2140.54, 352.6, 706.864
293.945, 2495.72, 77.9913, 2143.34, 352.376, 704.28
293.945, 2495.72, 77.9913, 2143.34, 352.376, 704.28
293.945, 2495.72, 77.9913, 2143.34, 352.376, 704.28
293.945, 2495.72, 77.9913, 2143.34, 352.376, 704.28
293.945, 2495.72, 77.9913, 2143.34, 352.376, 704.28
294.945, 2497.25, 78.039, 2144.74, 352.512, 702.752
294.945, 2497.25, 78.039, 2144.74, 352.512, 702.752
294.945, 2497.25, 78.039, 2144.74, 352.512, 702.752
294.945, 2497.25, 78.039, 2144.74, 352.512, 702.752
294.945, 2497.25, 78.039, 2144.74, 352.512, 702.752
294.945, 2497.25, 78.039, 2144.74, 352.512, 702.752
295.95, 2499.61, 78.1128, 2145.42, 354.184, 700.392
295.95, 2499.61, 78.1128, 2145.42, 354.184, 700.392
295.95, 2499.61, 78.1128, 2145.42, 354.184, 700.392
295.95, 2499.61, 78.1128, 2145.42, 354.184, 700.392
295.95, 2499.61, 78.1128, 2145.42, 354.184, 700.392
295.95, 2499.61, 78.1128, 2145.42, 354.184, 700.392
296.947, 2501.66, 78.177, 2148.92, 352.744, 698.336
296.947, 2501.66, 78.177, 2148.92, 352.744, 698.336
296.947, 2501.66, 78.177, 2148.92, 352.744, 698.336
296.947, 2501.66, 78.177, 2148.92, 352.744, 698.336
296.947, 2501.66, 78.177, 2148.92, 352.744, 698.336
297.946, 2507.74, 78.367, 2154.29, 353.456, 692.256
297.946, 2507.74, 78.367, 2154.29, 353.456, 692.256
297.946, 2507.74, 78.367, 2154.29, 353.456, 692.256
297.946, 2507.74, 78.367, 2154.29, 353.456, 692.256
297.946, 2507.74, 78.367, 2154.29, 353.456, 692.256
297.946, 2507.74, 78.367, 2154.29, 353.456, 692.256
298.945, 2513.77, 78.5553, 2158.5, 355.264, 686.232
298.945, 2513.77, 78.5553, 2158.5, 355.264, 686.232
298.945, 2513.77, 78.5553, 2158.5, 355.264, 686.232
298.945, 2513.77, 78.5553, 2158.5, 355.264, 686.232
298.945, 2513.77, 78.5553, 2158.5, 355.264, 686.232
299.947, 2519.06, 78.7205, 2163.78, 355.28, 680.944
299.947, 2519.06, 78.7205, 2163.78, 355.28, 680.944
299.947, 2519.06, 78.7205, 2163.78, 355.28, 680.944
299.947, 2519.06, 78.7205, 2163.78, 355.28, 680.944
299.947, 2519.06, 78.7205, 2163.78, 355.28, 680.944
300.945, 2521.74, 78.8045, 2166.83, 354.912, 678.256
300.945, 2521.74, 78.8045, 2166.83, 354.912, 678.256
300.945, 2521.74, 78.8045, 2166.83, 354.912, 678.256
300.945, 2521.74, 78.8045, 2166.83, 354.912, 678.256
300.945, 2521.74, 78.8045, 2166.83, 354.912, 678.256
300.945, 2521.74, 78.8045, 2166.83, 354.912, 678.256
301.947, 2533.68, 79.1775, 2178.88, 354.8, 666.32
301.947, 2533.68, 79.1775, 2178.88, 354.8, 666.32
301.947, 2533.68, 79.1775, 2178.88, 354.8, 666.32
301.947, 2533.68, 79.1775, 2178.88, 354.8, 666.32
301.947, 2533.68, 79.1775, 2178.88, 354.8, 666.32
302.949, 2535.53, 79.2353, 2180.09, 355.44, 664.472
302.949, 2535.53, 79.2353, 2180.09, 355.44, 664.472
302.949, 2535.53, 79.2353, 2180.09, 355.44, 664.472
302.949, 2535.53, 79.2353, 2180.09, 355.44, 664.472
302.949, 2535.53, 79.2353, 2180.09, 355.44, 664.472
303.946, 2536.28, 79.2588, 2179.96, 356.32, 663.72
303.946, 2536.28, 79.2588, 2179.96, 356.32, 663.72
303.946, 2536.28, 79.2588, 2179.96, 356.32, 663.72
303.946, 2536.28, 79.2588, 2179.96, 356.32, 663.72
303.946, 2536.28, 79.2588, 2179.96, 356.32, 663.72
303.946, 2536.28, 79.2588, 2179.96, 356.32, 663.72
304.947, 2538.02, 79.3133, 2182.53, 355.496, 661.976
304.947, 2538.02, 79.3133, 2182.53, 355.496, 661.976
304.947, 2538.02, 79.3133, 2182.53, 355.496, 661.976
304.947, 2538.02, 79.3133, 2182.53, 355.496, 661.976
304.947, 2538.02, 79.3133, 2182.53, 355.496, 661.976
304.947, 2538.02, 79.3133, 2182.53, 355.496, 661.976
305.946, 2540.63, 79.3948, 2184.9, 355.736, 659.368
305.946, 2540.63, 79.3948, 2184.9, 355.736, 659.368
305.946, 2540.63, 79.3948, 2184.9, 355.736, 659.368
305.946, 2540.63, 79.3948, 2184.9, 355.736, 659.368
305.946, 2540.63, 79.3948, 2184.9, 355.736, 659.368
306.947, 2541.79, 79.431, 2186.06, 355.728, 658.208
306.947, 2541.79, 79.431, 2186.06, 355.728, 658.208
306.947, 2541.79, 79.431, 2186.06, 355.728, 658.208
306.947, 2541.79, 79.431, 2186.06, 355.728, 658.208
306.947, 2541.79, 79.431, 2186.06, 355.728, 658.208
307.945, 2543.24, 79.4763, 2187.05, 356.192, 656.76
307.945, 2543.24, 79.4763, 2187.05, 356.192, 656.76
307.945, 2543.24, 79.4763, 2187.05, 356.192, 656.76
307.945, 2543.24, 79.4763, 2187.05, 356.192, 656.76
307.945, 2543.24, 79.4763, 2187.05, 356.192, 656.76
308.945, 2544.05, 79.5015, 2187.02, 357.032, 655.952
308.945, 2544.05, 79.5015, 2187.02, 357.032, 655.952
308.945, 2544.05, 79.5015, 2187.02, 357.032, 655.952
308.945, 2544.05, 79.5015, 2187.02, 357.032, 655.952
308.945, 2544.05, 79.5015, 2187.02, 357.032, 655.952
308.945, 2544.05, 79.5015, 2187.02, 357.032, 655.952
309.945, 2544.75, 79.5235, 2187.95, 356.8, 655.248
309.945, 2544.75, 79.5235, 2187.95, 356.8, 655.248
309.945, 2544.75, 79.5235, 2187.95, 356.8, 655.248
309.945, 2544.75, 79.5235, 2187.95, 356.8, 655.248
309.945, 2544.75, 79.5235, 2187.95, 356.8, 655.248
309.945, 2544.75, 79.5235, 2187.95, 356.8, 655.248
310.947, 2545.58, 79.5495, 2190.01, 355.576, 654.416
310.947, 2545.58, 79.5495, 2190.01, 355.576, 654.416
310.947, 2545.58, 79.5495, 2190.01, 355.576, 654.416
310.947, 2545.58, 79.5495, 2190.01, 355.576, 654.416
310.947, 2545.58, 79.5495, 2190.01, 355.576, 654.416
310.947, 2545.58, 79.5495, 2190.01, 355.576, 654.416
311.946, 2546.29, 79.5715, 2190.44, 355.848, 653.712
311.946, 2546.29, 79.5715, 2190.44, 355.848, 653.712
311.946, 2546.29, 79.5715, 2190.44, 355.848, 653.712
311.946, 2546.29, 79.5715, 2190.44, 355.848, 653.712
311.946, 2546.29, 79.5715, 2190.44, 355.848, 653.712
311.946, 2546.29, 79.5715, 2190.44, 355.848, 653.712
312.948, 2547.09, 79.5965, 2189.54, 357.544, 652.912
312.948, 2547.09, 79.5965, 2189.54, 357.544, 652.912
312.948, 2547.09, 79.5965, 2189.54, 357.544, 652.912
312.948, 2547.09, 79.5965, 2189.54, 357.544, 652.912
312.948, 2547.09, 79.5965, 2189.54, 357.544, 652.912
312.948, 2547.09, 79.5965, 2189.54, 357.544, 652.912
313.946, 2547.54, 79.6105, 2189.54, 357.992, 652.464
313.946, 2547.54, 79.6105, 2189.54, 357.992, 652.464
313.946, 2547.54, 79.6105, 2189.54, 357.992, 652.464
313.946, 2547.54, 79.6105, 2189.54, 357.992, 652.464
313.946, 2547.54, 79.6105, 2189.54, 357.992, 652.464
313.946, 2547.54, 79.6105, 2189.54, 357.992, 652.464
314.948, 2547.98, 79.6243, 2189.62, 358.36, 652.024
314.948, 2547.98, 79.6243, 2189.62, 358.36, 652.024
314.948, 2547.98, 79.6243, 2189.62, 358.36, 652.024
314.948, 2547.98, 79.6243, 2189.62, 358.36, 652.024
314.948, 2547.98, 79.6243, 2189.62, 358.36, 652.024
314.948, 2547.98, 79.6243, 2189.62, 358.36, 652.024
315.945, 2548.94, 79.6543, 2189.46, 359.472, 651.064
315.945, 2548.94, 79.6543, 2189.46, 359.472, 651.064
315.945, 2548.94, 79.6543, 2189.46, 359.472, 651.064
315.945, 2548.94, 79.6543, 2189.46, 359.472, 651.064
315.945, 2548.94, 79.6543, 2189.46, 359.472, 651.064
315.945, 2548.94, 79.6543, 2189.46, 359.472, 651.064
316.946, 2549.54, 79.6733, 2189.39, 360.152, 650.456
316.946, 2549.54, 79.6733, 2189.39, 360.152, 650.456
316.946, 2549.54, 79.6733, 2189.39, 360.152, 650.456
316.946, 2549.54, 79.6733, 2189.39, 360.152, 650.456
316.946, 2549.54, 79.6733, 2189.39, 360.152, 650.456
316.946, 2549.54, 79.6733, 2189.39, 360.152, 650.456
317.947, 2550.02, 79.6883, 2190.62, 359.4, 649.976
317.947, 2550.02, 79.6883, 2190.62, 359.4, 649.976
317.947, 2550.02, 79.6883, 2190.62, 359.4, 649.976
317.947, 2550.02, 79.6883, 2190.62, 359.4, 649.976
317.947, 2550.02, 79.6883, 2190.62, 359.4, 649.976
318.945, 2552.66, 79.7708, 2193.48, 359.184, 647.336
318.945, 2552.66, 79.7708, 2193.48, 359.184, 647.336
318.945, 2552.66, 79.7708, 2193.48, 359.184, 647.336
318.945, 2552.66, 79.7708, 2193.48, 359.184, 647.336
318.945, 2552.66, 79.7708, 2193.48, 359.184, 647.336
319.946, 2557.34, 79.9168, 2199.11, 358.224, 642.664
319.946, 2557.34, 79.9168, 2199.11, 358.224, 642.664
319.946, 2557.34, 79.9168, 2199.11, 358.224, 642.664
319.946, 2557.34, 79.9168, 2199.11, 358.224, 642.664
319.946, 2557.34, 79.9168, 2199.11, 358.224, 642.664
319.946, 2557.34, 79.9168, 2199.11, 358.224, 642.664
320.945, 2558.38, 79.9495, 2200.57, 357.816, 641.616
320.945, 2558.38, 79.9495, 2200.57, 357.816, 641.616
320.945, 2558.38, 79.9495, 2200.57, 357.816, 641.616
320.945, 2558.38, 79.9495, 2200.57, 357.816, 641.616
320.945, 2558.38, 79.9495, 2200.57, 357.816, 641.616
320.945, 2558.38, 79.9495, 2200.57, 357.816, 641.616
321.946, 2560.48, 80.015, 2201.65, 358.832, 639.52
321.946, 2560.48, 80.015, 2201.65, 358.832, 639.52
321.946, 2560.48, 80.015, 2201.65, 358.832, 639.52
321.946, 2560.48, 80.015, 2201.65, 358.832, 639.52
321.946, 2560.48, 80.015, 2201.65, 358.832, 639.52
322.949, 2561.87, 80.0585, 2203.06, 358.816, 638.128
322.949, 2561.87, 80.0585, 2203.06, 358.816, 638.128
322.949, 2561.87, 80.0585, 2203.06, 358.816, 638.128
322.949, 2561.87, 80.0585, 2203.06, 358.816, 638.128
322.949, 2561.87, 80.0585, 2203.06, 358.816, 638.128
323.947, 2562.82, 80.0883, 2203.75, 359.072, 637.176
323.947, 2562.82, 80.0883, 2203.75, 359.072, 637.176
323.947, 2562.82, 80.0883, 2203.75, 359.072, 637.176
323.947, 2562.82, 80.0883, 2203.75, 359.072, 637.176
323.947, 2562.82, 80.0883, 2203.75, 359.072, 637.176
323.947, 2562.82, 80.0883, 2203.75, 359.072, 637.176
324.945, 2563.61, 80.1128, 2204.24, 359.368, 636.392
324.945, 2563.61, 80.1128, 2204.24, 359.368, 636.392
324.945, 2563.61, 80.1128, 2204.24, 359.368, 636.392
324.945, 2563.61, 80.1128, 2204.24, 359.368, 636.392
324.945, 2563.61, 80.1128, 2204.24, 359.368, 636.392
325.947, 2563.86, 80.1205, 2204.67, 359.184, 636.144
325.947, 2563.86, 80.1205, 2204.67, 359.184, 636.144
325.947, 2563.86, 80.1205, 2204.67, 359.184, 636.144
325.947, 2563.86, 80.1205, 2204.67, 359.184, 636.144
325.947, 2563.86, 80.1205, 2204.67, 359.184, 636.144
326.945, 2563.94, 80.123, 2203.42, 360.512, 636.064
326.945, 2563.94, 80.123, 2203.42, 360.512, 636.064
326.945, 2563.94, 80.123, 2203.42, 360.512, 636.064
326.945, 2563.94, 80.123, 2203.42, 360.512, 636.064
326.945, 2563.94, 80.123, 2203.42, 360.512, 636.064
327.945, 2564.49, 80.1403, 2203.42, 361.064, 635.512
327.945, 2564.49, 80.1403, 2203.42, 361.064, 635.512
327.945, 2564.49, 80.1403, 2203.42, 361.064, 635.512
327.945, 2564.49, 80.1403, 2203.42, 361.064, 635.512
327.945, 2564.49, 80.1403, 2203.42, 361.064, 635.512
327.945, 2564.49, 80.1403, 2203.42, 361.064, 635.512
328.947, 2565.59, 80.1748, 2204.46, 361.128, 634.408
328.947, 2565.59, 80.1748, 2204.46, 361.128, 634.408
328.947, 2565.59, 80.1748, 2204.46, 361.128, 634.408
328.947, 2565.59, 80.1748, 2204.46, 361.128, 634.408
328.947, 2565.59, 80.1748, 2204.46, 361.128, 634.408
329.946, 2566.22, 80.1943, 2205.22, 360.992, 633.784
329.946, 2566.22, 80.1943, 2205.22, 360.992, 633.784
329.946, 2566.22, 80.1943, 2205.22, 360.992, 633.784
329.946, 2566.22, 80.1943, 2205.22, 360.992, 633.784
329.946, 2566.22, 80.1943, 2205.22, 360.992, 633.784
329.946, 2566.22, 80.1943, 2205.22, 360.992, 633.784
330.949, 2568.3, 80.2593, 2207.37, 360.928, 631.704
330.949, 2568.3, 80.2593, 2207.37, 360.928, 631.704
330.949, 2568.3, 80.2593, 2207.37, 360.928, 631.704
330.949, 2568.3, 80.2593, 2207.37, 360.928, 631.704
330.949, 2568.3, 80.2593, 2207.37, 360.928, 631.704
331.947, 2570.23, 80.3198, 2209.45, 360.784, 629.768
331.947, 2570.23, 80.3198, 2209.45, 360.784, 629.768
331.947, 2570.23, 80.3198, 2209.45, 360.784, 629.768
331.947, 2570.23, 80.3198, 2209.45, 360.784, 629.768
331.947, 2570.23, 80.3198, 2209.45, 360.784, 629.768
331.947, 2570.23, 80.3198, 2209.45, 360.784, 629.768
332.947, 2571.89, 80.3715, 2211.3, 360.592, 628.112
332.947, 2571.89, 80.3715, 2211.3, 360.592, 628.112
332.947, 2571.89, 80.3715, 2211.3, 360.592, 628.112
332.947, 2571.89, 80.3715, 2211.3, 360.592, 628.112
332.947, 2571.89, 80.3715, 2211.3, 360.592, 628.112
332.947, 2571.89, 80.3715, 2211.3, 360.592, 628.112
333.949, 2573.69, 80.4278, 2211.37, 362.32, 626.312
333.949, 2573.69, 80.4278, 2211.37, 362.32, 626.312
333.949, 2573.69, 80.4278, 2211.37, 362.32, 626.312
333.949, 2573.69, 80.4278, 2211.37, 362.32, 626.312
333.949, 2573.69, 80.4278, 2211.37, 362.32, 626.312
334.946, 2574.14, 80.4418, 2211.46, 362.672, 625.864
334.946, 2574.14, 80.4418, 2211.46, 362.672, 625.864
334.946, 2574.14, 80.4418, 2211.46, 362.672, 625.864
334.946, 2574.14, 80.4418, 2211.46, 362.672, 625.864
334.946, 2574.14, 80.4418, 2211.46, 362.672, 625.864
335.945, 2574.81, 80.4628, 2212.72, 362.088, 625.192
335.945, 2574.81, 80.4628, 2212.72, 362.088, 625.192
335.945, 2574.81, 80.4628, 2212.72, 362.088, 625.192
335.945, 2574.81, 80.4628, 2212.72, 362.088, 625.192
335.945, 2574.81, 80.4628, 2212.72, 362.088, 625.192
336.945, 2576.58, 80.5183, 2215.32, 361.264, 623.416
336.945, 2576.58, 80.5183, 2215.32, 361.264, 623.416
336.945, 2576.58, 80.5183, 2215.32, 361.264, 623.416
336.945, 2576.58, 80.5183, 2215.32, 361.264, 623.416
336.945, 2576.58, 80.5183, 2215.32, 361.264, 623.416
336.945, 2576.58, 80.5183, 2215.32, 361.264, 623.416
337.945, 2579.98, 80.6245, 2217.96, 362.024, 620.016
337.945, 2579.98, 80.6245, 2217.96, 362.024, 620.016
337.945, 2579.98, 80.6245, 2217.96, 362.024, 620.016
337.945, 2579.98, 80.6245, 2217.96, 362.024, 620.016
337.945, 2579.98, 80.6245, 2217.96, 362.024, 620.016
338.948, 2583.91, 80.7473, 2222.02, 361.888, 616.088
338.948, 2583.91, 80.7473, 2222.02, 361.888, 616.088
338.948, 2583.91, 80.7473, 2222.02, 361.888, 616.088
338.948, 2583.91, 80.7473, 2222.02, 361.888, 616.088
338.948, 2583.91, 80.7473, 2222.02, 361.888, 616.088
338.948, 2583.91, 80.7473, 2222.02, 361.888, 616.088
339.945, 2589.14, 80.9108, 2227.62, 361.52, 610.856
339.945, 2589.14, 80.9108, 2227.62, 361.52, 610.856
339.945, 2589.14, 80.9108, 2227.62, 361.52, 610.856
339.945, 2589.14, 80.9108, 2227.62, 361.52, 610.856
339.945, 2589.14, 80.9108, 2227.62, 361.52, 610.856
339.945, 2589.14, 80.9108, 2227.62, 361.52, 610.856
340.945, 2598.03, 81.1885, 2236.5, 361.536, 601.968
340.945, 2598.03, 81.1885, 2236.5, 361.536, 601.968
340.945, 2598.03, 81.1885, 2236.5, 361.536, 601.968
340.945, 2598.03, 81.1885, 2236.5, 361.536, 601.968
340.945, 2598.03, 81.1885, 2236.5, 361.536, 601.968
341.949, 2604.24, 81.3825, 2240.9, 363.344, 595.76
341.949, 2604.24, 81.3825, 2240.9, 363.344, 595.76
341.949, 2604.24, 81.3825, 2240.9, 363.344, 595.76
341.949, 2604.24, 81.3825, 2240.9, 363.344, 595.76
341.949, 2604.24, 81.3825, 2240.9, 363.344, 595.76
342.947, 2608.08, 81.5025, 2246.74, 361.344, 591.92
342.947, 2608.08, 81.5025, 2246.74, 361.344, 591.92
342.947, 2608.08, 81.5025, 2246.74, 361.344, 591.92
342.947, 2608.08, 81.5025, 2246.74, 361.344, 591.92
342.947, 2608.08, 81.5025, 2246.74, 361.344, 591.92
342.947, 2608.08, 81.5025, 2246.74, 361.344, 591.92
343.945, 2608.99, 81.531, 2246.69, 362.304, 591.008
343.945, 2608.99, 81.531, 2246.69, 362.304, 591.008
343.945, 2608.99, 81.531, 2246.69, 362.304, 591.008
343.945, 2608.99, 81.531, 2246.69, 362.304, 591.008
343.945, 2608.99, 81.531, 2246.69, 362.304, 591.008
343.945, 2608.99, 81.531, 2246.69, 362.304, 591.008
344.945, 2612.25, 81.6328, 2250.3, 361.952, 587.752
344.945, 2612.25, 81.6328, 2250.3, 361.952, 587.752
344.945, 2612.25, 81.6328, 2250.3, 361.952, 587.752
344.945, 2612.25, 81.6328, 2250.3, 361.952, 587.752
344.945, 2612.25, 81.6328, 2250.3, 361.952, 587.752
345.948, 2612.58, 81.643, 2250.02, 362.56, 587.424
345.948, 2612.58, 81.643, 2250.02, 362.56, 587.424
345.948, 2612.58, 81.643, 2250.02, 362.56, 587.424
345.948, 2612.58, 81.643, 2250.02, 362.56, 587.424
345.948, 2612.58, 81.643, 2250.02, 362.56, 587.424
345.948, 2612.58, 81.643, 2250.02, 362.56, 587.424
346.946, 2613.26, 81.6643, 2251.26, 361.992, 586.744
346.946, 2613.26, 81.6643, 2251.26, 361.992, 586.744
346.946, 2613.26, 81.6643, 2251.26, 361.992, 586.744
346.946, 2613.26, 81.6643, 2251.26, 361.992, 586.744
346.946, 2613.26, 81.6643, 2251.26, 361.992, 586.744
346.946, 2613.26, 81.6643, 2251.26, 361.992, 586.744
347.947, 2619.38, 81.8555, 2257.1, 362.28, 580.624
347.947, 2619.38, 81.8555, 2257.1, 362.28, 580.624
347.947, 2619.38, 81.8555, 2257.1, 362.28, 580.624
347.947, 2619.38, 81.8555, 2257.1, 362.28, 580.624
347.947, 2619.38, 81.8555, 2257.1, 362.28, 580.624
348.946, 2622.38, 81.9495, 2260.77, 361.616, 577.616
348.946, 2622.38, 81.9495, 2260.77, 361.616, 577.616
348.946, 2622.38, 81.9495, 2260.77, 361.616, 577.616
348.946, 2622.38, 81.9495, 2260.77, 361.616, 577.616
348.946, 2622.38, 81.9495, 2260.77, 361.616, 577.616
349.947, 2624.35, 82.011, 2265.11, 359.24, 575.648
349.947, 2624.35, 82.011, 2265.11, 359.24, 575.648
349.947, 2624.35, 82.011, 2265.11, 359.24, 575.648
349.947, 2624.35, 82.011, 2265.11, 359.24, 575.648
349.947, 2624.35, 82.011, 2265.11, 359.24, 575.648
349.947, 2624.35, 82.011, 2265.11, 359.24, 575.648
350.949, 2627.82, 82.1195, 2267.4, 360.424, 572.176
350.949, 2627.82, 82.1195, 2267.4, 360.424, 572.176
350.949, 2627.82, 82.1195, 2267.4, 360.424, 572.176
350.949, 2627.82, 82.1195, 2267.4, 360.424, 572.176
350.949, 2627.82, 82.1195, 2267.4, 360.424, 572.176
350.949, 2627.82, 82.1195, 2267.4, 360.424, 572.176
351.946, 2628.74, 82.148, 2266.94, 361.792, 571.264
351.946, 2628.74, 82.148, 2266.94, 361.792, 571.264
351.946, 2628.74, 82.148, 2266.94, 361.792, 571.264
351.946, 2628.74, 82.148, 2266.94, 361.792, 571.264
351.946, 2628.74, 82.148, 2266.94, 361.792, 571.264
351.946, 2628.74, 82.148, 2266.94, 361.792, 571.264
352.947, 2629.69, 82.1778, 2268.34, 361.344, 570.312
352.947, 2629.69, 82.1778, 2268.34, 361.344, 570.312
352.947, 2629.69, 82.1778, 2268.34, 361.344, 570.312
352.947, 2629.69, 82.1778, 2268.34, 361.344, 570.312
352.947, 2629.69, 82.1778, 2268.34, 361.344, 570.312
352.947, 2629.69, 82.1778, 2268.34, 361.344, 570.312
353.945, 2632.44, 82.2638, 2271.09, 361.352, 567.56
353.945, 2632.44, 82.2638, 2271.09, 361.352, 567.56
353.945, 2632.44, 82.2638, 2271.09, 361.352, 567.56
353.945, 2632.44, 82.2638, 2271.09, 361.352, 567.56
353.945, 2632.44, 82.2638, 2271.09, 361.352, 567.56
353.945, 2632.44, 82.2638, 2271.09, 361.352, 567.56
354.946, 2634.5, 82.3283, 2273.98, 360.528, 565.496
354.946, 2634.5, 82.3283, 2273.98, 360.528, 565.496
354.946, 2634.5, 82.3283, 2273.98, 360.528, 565.496
354.946, 2634.5, 82.3283, 2273.98, 360.528, 565.496
354.946, 2634.5, 82.3283, 2273.98, 360.528, 565.496
354.946, 2634.5, 82.3283, 2273.98, 360.528, 565.496
355.946, 2636.06, 82.377, 2276.09, 359.976, 563.936
355.946, 2636.06, 82.377, 2276.09, 359.976, 563.936
355.946, 2636.06, 82.377, 2276.09, 359.976, 563.936
355.946, 2636.06, 82.377, 2276.09, 359.976, 563.936
355.946, 2636.06, 82.377, 2276.09, 359.976, 563.936
355.946, 2636.06, 82.377, 2276.09, 359.976, 563.936
356.948, 2636.18, 82.3808, 2275.45, 360.736, 563.816
356.948, 2636.18, 82.3808, 2275.45, 360.736, 563.816
356.948, 2636.18, 82.3808, 2275.45, 360.736, 563.816
356.948, 2636.18, 82.3808, 2275.45, 360.736, 563.816
356.948, 2636.18, 82.3808, 2275.45, 360.736, 563.816
357.945, 2636.54, 82.3918, 2274.2, 362.336, 563.464
357.945, 2636.54, 82.3918, 2274.2, 362.336, 563.464
357.945, 2636.54, 82.3918, 2274.2, 362.336, 563.464
357.945, 2636.54, 82.3918, 2274.2, 362.336, 563.464
357.945, 2636.54, 82.3918, 2274.2, 362.336, 563.464
357.945, 2636.54, 82.3918, 2274.2, 362.336, 563.464
358.946, 2637.04, 82.4075, 2274.47, 362.568, 562.96
358.946, 2637.04, 82.4075, 2274.47, 362.568, 562.96
358.946, 2637.04, 82.4075, 2274.47, 362.568, 562.96
358.946, 2637.04, 82.4075, 2274.47, 362.568, 562.96
358.946, 2637.04, 82.4075, 2274.47, 362.568, 562.96
359.949, 2638.3, 82.447, 2276.51, 361.792, 561.696
359.949, 2638.3, 82.447, 2276.51, 361.792, 561.696
359.949, 2638.3, 82.447, 2276.51, 361.792, 561.696
359.949, 2638.3, 82.447, 2276.51, 361.792, 561.696
359.949, 2638.3, 82.447, 2276.51, 361.792, 561.696
360.947, 2641.27, 82.5398, 2279.26, 362.008, 558.728
360.947, 2641.27, 82.5398, 2279.26, 362.008, 558.728
360.947, 2641.27, 82.5398, 2279.26, 362.008, 558.728
360.947, 2641.27, 82.5398, 2279.26, 362.008, 558.728
360.947, 2641.27, 82.5398, 2279.26, 362.008, 558.728
361.945, 2644.02, 82.6255, 2282.66, 361.36, 555.984
361.945, 2644.02, 82.6255, 2282.66, 361.36, 555.984
361.945, 2644.02, 82.6255, 2282.66, 361.36, 555.984
361.945, 2644.02, 82.6255, 2282.66, 361.36, 555.984
361.945, 2644.02, 82.6255, 2282.66, 361.36, 555.984
362.946, 2645.09, 82.659, 2283.41, 361.68, 554.912
362.946, 2645.09, 82.659, 2283.41, 361.68, 554.912
362.946, 2645.09, 82.659, 2283.41, 361.68, 554.912
362.946, 2645.09, 82.659, 2283.41, 361.68, 554.912
362.946, 2645.09, 82.659, 2283.41, 361.68, 554.912
363.946, 2646.38, 82.6995, 2285.78, 360.6, 553.616
363.946, 2646.38, 82.6995, 2285.78, 360.6, 553.616
363.946, 2646.38, 82.6995, 2285.78, 360.6, 553.616
363.946, 2646.38, 82.6995, 2285.78, 360.6, 553.616
363.946, 2646.38, 82.6995, 2285.78, 360.6, 553.616
363.946, 2646.38, 82.6995, 2285.78, 360.6, 553.616
364.947, 2648.64, 82.77, 2288.12, 360.52, 551.36
364.947, 2648.64, 82.77, 2288.12, 360.52, 551.36
364.947, 2648.64, 82.77, 2288.12, 360.52, 551.36
364.947, 2648.64, 82.77, 2288.12, 360.52, 551.36
364.947, 2648.64, 82.77, 2288.12, 360.52, 551.36
365.946, 2649.5, 82.7968, 2288.06, 361.432, 550.504
365.946, 2649.5, 82.7968, 2288.06, 361.432, 550.504
365.946, 2649.5, 82.7968, 2288.06, 361.432, 550.504
365.946, 2649.5, 82.7968, 2288.06, 361.432, 550.504
365.946, 2649.5, 82.7968, 2288.06, 361.432, 550.504
366.947, 2650.25, 82.8203, 2289.08, 361.168, 549.752
366.947, 2650.25, 82.8203, 2289.08, 361.168, 549.752
366.947, 2650.25, 82.8203, 2289.08, 361.168, 549.752
366.947, 2650.25, 82.8203, 2289.08, 361.168, 549.752
366.947, 2650.25, 82.8203, 2289.08, 361.168, 549.752
367.946, 2650.98, 82.843, 2289.92, 361.056, 549.024
367.946, 2650.98, 82.843, 2289.92, 361.056, 549.024
367.946, 2650.98, 82.843, 2289.92, 361.056, 549.024
367.946, 2650.98, 82.843, 2289.92, 361.056, 549.024
367.946, 2650.98, 82.843, 2289.92, 361.056, 549.024
368.945, 2652.48, 82.89, 2291.43, 361.048, 547.52
368.945, 2652.48, 82.89, 2291.43, 361.048, 547.52
368.945, 2652.48, 82.89, 2291.43, 361.048, 547.52
368.945, 2652.48, 82.89, 2291.43, 361.048, 547.52
368.945, 2652.48, 82.89, 2291.43, 361.048, 547.52
368.945, 2652.48, 82.89, 2291.43, 361.048, 547.52
369.946, 2654.52, 82.9538, 2293, 361.52, 545.48
369.946, 2654.52, 82.9538, 2293, 361.52, 545.48
369.946, 2654.52, 82.9538, 2293, 361.52, 545.48
369.946, 2654.52, 82.9538, 2293, 361.52, 545.48
369.946, 2654.52, 82.9538, 2293, 361.52, 545.48
370.947, 2656, 83, 2293.75, 362.248, 544
370.947, 2656, 83, 2293.75, 362.248, 544
370.947, 2656, 83, 2293.75, 362.248, 544
370.947, 2656, 83, 2293.75, 362.248, 544
370.947, 2656, 83, 2293.75, 362.248, 544
371.949, 2657.36, 83.0425, 2294.54, 362.816, 542.64
371.949, 2657.36, 83.0425, 2294.54, 362.816, 542.64
371.949, 2657.36, 83.0425, 2294.54, 362.816, 542.64
371.949, 2657.36, 83.0425, 2294.54, 362.816, 542.64
371.949, 2657.36, 83.0425, 2294.54, 362.816, 542.64
372.948, 2657.74, 83.0545, 2294.7, 363.04, 542.256
372.948, 2657.74, 83.0545, 2294.7, 363.04, 542.256
372.948, 2657.74, 83.0545, 2294.7, 363.04, 542.256
372.948, 2657.74, 83.0545, 2294.7, 363.04, 542.256
372.948, 2657.74, 83.0545, 2294.7, 363.04, 542.256
373.945, 2659.79, 83.1185, 2297.31, 362.48, 540.208
373.945, 2659.79, 83.1185, 2297.31, 362.48, 540.208
373.945, 2659.79, 83.1185, 2297.31, 362.48, 540.208
373.945, 2659.79, 83.1185, 2297.31, 362.48, 540.208
373.945, 2659.79, 83.1185, 2297.31, 362.48, 540.208
374.946, 2662, 83.1875, 2299.69, 362.312, 538
374.946, 2662, 83.1875, 2299.69, 362.312, 538
374.946, 2662, 83.1875, 2299.69, 362.312, 538
374.946, 2662, 83.1875, 2299.69, 362.312, 538
374.946, 2662, 83.1875, 2299.69, 362.312, 538
375.945, 2664.22, 83.2568, 2301.26, 362.96, 535.784
375.945, 2664.22, 83.2568, 2301.26, 362.96, 535.784
375.945, 2664.22, 83.2568, 2301.26, 362.96, 535.784
375.945, 2664.22, 83.2568, 2301.26, 362.96, 535.784
375.945, 2664.22, 83.2568, 2301.26, 362.96, 535.784
376.945, 2665.9, 83.3095, 2303.24, 362.664, 534.096
376.945, 2665.9, 83.3095, 2303.24, 362.664, 534.096
376.945, 2665.9, 83.3095, 2303.24, 362.664, 534.096
376.945, 2665.9, 83.3095, 2303.24, 362.664, 534.096
376.945, 2665.9, 83.3095, 2303.24, 362.664, 534.096
377.947, 2667.56, 83.3613, 2304.41, 363.152, 532.44
377.947, 2667.56, 83.3613, 2304.41, 363.152, 532.44
377.947, 2667.56, 83.3613, 2304.41, 363.152, 532.44
377.947, 2667.56, 83.3613, 2304.41, 363.152, 532.44
377.947, 2667.56, 83.3613, 2304.41, 363.152, 532.44
378.948, 2667.97, 83.374, 2306.11, 361.856, 532.032
378.948, 2667.97, 83.374, 2306.11, 361.856, 532.032
378.948, 2667.97, 83.374, 2306.11, 361.856, 532.032
378.948, 2667.97, 83.374, 2306.11, 361.856, 532.032
378.948, 2667.97, 83.374, 2306.11, 361.856, 532.032
379.946, 2669.5, 83.4218, 2305.34, 364.16, 530.504
379.946, 2669.5, 83.4218, 2305.34, 364.16, 530.504
379.946, 2669.5, 83.4218, 2305.34, 364.16, 530.504
379.946, 2669.5, 83.4218, 2305.34, 364.16, 530.504
379.946, 2669.5, 83.4218, 2305.34, 364.16, 530.504
380.945, 2670.86, 83.4645, 2308.62, 362.248, 529.136
380.945, 2670.86, 83.4645, 2308.62, 362.248, 529.136
380.945, 2670.86, 83.4645, 2308.62, 362.248, 529.136
380.945, 2670.86, 83.4645, 2308.62, 362.248, 529.136
380.945, 2670.86, 83.4645, 2308.62, 362.248, 529.136
381.945, 2671.67, 83.4898, 2308.68, 362.992, 528.328
381.945, 2671.67, 83.4898, 2308.68, 362.992, 528.328
381.945, 2671.67, 83.4898, 2308.68, 362.992, 528.328
381.945, 2671.67, 83.4898, 2308.68, 362.992, 528.328
381.945, 2671.67, 83.4898, 2308.68, 362.992, 528.328
382.946, 2673.53, 83.5478, 2310.21, 363.32, 526.472
382.946, 2673.53, 83.5478, 2310.21, 363.32, 526.472
382.946, 2673.53, 83.5478, 2310.21, 363.32, 526.472
382.946, 2673.53, 83.5478, 2310.21, 363.32, 526.472
382.946, 2673.53, 83.5478, 2310.21, 363.32, 526.472
382.946, 2673.53, 83.5478, 2310.21, 363.32, 526.472
383.947, 2674.54, 83.5795, 2312.37, 362.176, 525.456
383.947, 2674.54, 83.5795, 2312.37, 362.176, 525.456
383.947, 2674.54, 83.5795, 2312.37, 362.176, 525.456
383.947, 2674.54, 83.5795, 2312.37, 362.176, 525.456
383.947, 2674.54, 83.5795, 2312.37, 362.176, 525.456
384.947, 2674.9, 83.5905, 2312.38, 362.52, 525.104
384.947, 2674.9, 83.5905, 2312.38, 362.52, 525.104
384.947, 2674.9, 83.5905, 2312.38, 362.52, 525.104
384.947, 2674.9, 83.5905, 2312.38, 362.52, 525.104
384.947, 2674.9, 83.5905, 2312.38, 362.52, 525.104
385.945, 2675.25, 83.6015, 2313.17, 362.08, 524.752
385.945, 2675.25, 83.6015, 2313.17, 362.08, 524.752
385.945, 2675.25, 83.6015, 2313.17, 362.08, 524.752
385.945, 2675.25, 83.6015, 2313.17, 362.08, 524.752
385.945, 2675.25, 83.6015, 2313.17, 362.08, 524.752
385.945, 2675.25, 83.6015, 2313.17, 362.08, 524.752
386.947, 2676.45, 83.639, 2314.72, 361.728, 523.552
386.947, 2676.45, 83.639, 2314.72, 361.728, 523.552
386.947, 2676.45, 83.639, 2314.72, 361.728, 523.552
386.947, 2676.45, 83.639, 2314.72, 361.728, 523.552
386.947, 2676.45, 83.639, 2314.72, 361.728, 523.552
387.946, 2676.91, 83.6535, 2315.14, 361.768, 523.088
387.946, 2676.91, 83.6535, 2315.14, 361.768, 523.088
387.946, 2676.91, 83.6535, 2315.14, 361.768, 523.088
387.946, 2676.91, 83.6535, 2315.14, 361.768, 523.088
387.946, 2676.91, 83.6535, 2315.14, 361.768, 523.088
388.945, 2677.06, 83.6583, 2315.35, 361.712, 522.936
388.945, 2677.06, 83.6583, 2315.35, 361.712, 522.936
388.945, 2677.06, 83.6583, 2315.35, 361.712, 522.936
388.945, 2677.06, 83.6583, 2315.35, 361.712, 522.936
388.945, 2677.06, 83.6583, 2315.35, 361.712, 522.936
388.945, 2677.06, 83.6583, 2315.35, 361.712, 522.936
389.945, 2677.36, 83.6675, 2315.48, 361.88, 522.64
389.945, 2677.36, 83.6675, 2315.48, 361.88, 522.64
389.945, 2677.36, 83.6675, 2315.48, 361.88, 522.64
389.945, 2677.36, 83.6675, 2315.48, 361.88, 522.64
389.945, 2677.36, 83.6675, 2315.48, 361.88, 522.64
389.945, 2677.36, 83.6675, 2315.48, 361.88, 522.64
390.946, 2677.9, 83.6843, 2315.22, 362.672, 522.104
390.946, 2677.9, 83.6843, 2315.22, 362.672, 522.104
390.946, 2677.9, 83.6843, 2315.22, 362.672, 522.104
390.946, 2677.9, 83.6843, 2315.22, 362.672, 522.104
390.946, 2677.9, 83.6843, 2315.22, 362.672, 522.104
391.948, 2678.56, 83.705, 2316.07, 362.488, 521.44
391.948, 2678.56, 83.705, 2316.07, 362.488, 521.44
391.948, 2678.56, 83.705, 2316.07, 362.488, 521.44
391.948, 2678.56, 83.705, 2316.07, 362.488, 521.44
391.948, 2678.56, 83.705, 2316.07, 362.488, 521.44
392.947, 2679.17, 83.724, 2316.19, 362.976, 520.832
392.947, 2679.17, 83.724, 2316.19, 362.976, 520.832
392.947, 2679.17, 83.724, 2316.19, 362.976, 520.832
392.947, 2679.17, 83.724, 2316.19, 362.976, 520.832
392.947, 2679.17, 83.724, 2316.19, 362.976, 520.832
393.947, 2679.31, 83.7285, 2316.56, 362.752, 520.688
393.947, 2679.31, 83.7285, 2316.56, 362.752, 520.688
393.947, 2679.31, 83.7285, 2316.56, 362.752, 520.688
393.947, 2679.31, 83.7285, 2316.56, 362.752, 520.688
393.947, 2679.31, 83.7285, 2316.56, 362.752, 520.688
393.947, 2679.31, 83.7285, 2316.56, 362.752, 520.688
394.946, 2679.74, 83.7418, 2316.37, 363.368, 520.264
394.946, 2679.74, 83.7418, 2316.37, 363.368, 520.264
394.946, 2679.74, 83.7418, 2316.37, 363.368, 520.264
394.946, 2679.74, 83.7418, 2316.37, 363.368, 520.264
394.946, 2679.74, 83.7418, 2316.37, 363.368, 520.264
394.946, 2679.74, 83.7418, 2316.37, 363.368, 520.264
395.946, 2679.9, 83.747, 2316.18, 363.72, 520.096
395.946, 2679.9, 83.747, 2316.18, 363.72, 520.096
395.946, 2679.9, 83.747, 2316.18, 363.72, 520.096
395.946, 2679.9, 83.747, 2316.18, 363.72, 520.096
395.946, 2679.9, 83.747, 2316.18, 363.72, 520.096
396.945, 2679.98, 83.7495, 2315.7, 364.28, 520.016
396.945, 2679.98, 83.7495, 2315.7, 364.28, 520.016
396.945, 2679.98, 83.7495, 2315.7, 364.28, 520.016
396.945, 2679.98, 83.7495, 2315.7, 364.28, 520.016
396.945, 2679.98, 83.7495, 2315.7, 364.28, 520.016
397.946, 2680.14, 83.7545, 2316.79, 363.352, 519.856
397.946, 2680.14, 83.7545, 2316.79, 363.352, 519.856
397.946, 2680.14, 83.7545, 2316.79, 363.352, 519.856
397.946, 2680.14, 83.7545, 2316.79, 363.352, 519.856
397.946, 2680.14, 83.7545, 2316.79, 363.352, 519.856
398.948, 2681.32, 83.7913, 2318.47, 362.848, 518.68
398.948, 2681.32, 83.7913, 2318.47, 362.848, 518.68
398.948, 2681.32, 83.7913, 2318.47, 362.848, 518.68
398.948, 2681.32, 83.7913, 2318.47, 362.848, 518.68
398.948, 2681.32, 83.7913, 2318.47, 362.848, 518.68
399.947, 2681.68, 83.8025, 2320.14, 361.536, 518.32
399.947, 2681.68, 83.8025, 2320.14, 361.536, 518.32
399.947, 2681.68, 83.8025, 2320.14, 361.536, 518.32
399.947, 2681.68, 83.8025, 2320.14, 361.536, 518.32
399.947, 2681.68, 83.8025, 2320.14, 361.536, 518.32
399.947, 2681.68, 83.8025, 2320.14, 361.536, 518.32
400.947, 2681.7, 83.8033, 2319.61, 362.096, 518.296
400.947, 2681.7, 83.8033, 2319.61, 362.096, 518.296
400.947, 2681.7, 83.8033, 2319.61, 362.096, 518.296
400.947, 2681.7, 83.8033, 2319.61, 362.096, 518.296
400.947, 2681.7, 83.8033, 2319.61, 362.096, 518.296
400.947, 2681.7, 83.8033, 2319.61, 362.096, 518.296
401.945, 2682.72, 83.835, 2320.37, 362.352, 517.28
401.945, 2682.72, 83.835, 2320.37, 362.352, 517.28
401.945, 2682.72, 83.835, 2320.37, 362.352, 517.28
401.945, 2682.72, 83.835, 2320.37, 362.352, 517.28
401.945, 2682.72, 83.835, 2320.37, 362.352, 517.28
401.945, 2682.72, 83.835, 2320.37, 362.352, 517.28
402.947, 2686.23, 83.9448, 2324.4, 361.832, 513.768
402.947, 2686.23, 83.9448, 2324.4, 361.832, 513.768
402.947, 2686.23, 83.9448, 2324.4, 361.832, 513.768
402.947, 2686.23, 83.9448, 2324.4, 361.832, 513.768
402.947, 2686.23, 83.9448, 2324.4, 361.832, 513.768
402.947, 2686.23, 83.9448, 2324.4, 361.832, 513.768
403.947, 2686.75, 83.961, 2323.72, 363.032, 513.248
403.947, 2686.75, 83.961, 2323.72, 363.032, 513.248
403.947, 2686.75, 83.961, 2323.72, 363.032, 513.248
403.947, 2686.75, 83.961, 2323.72, 363.032, 513.248
403.947, 2686.75, 83.961, 2323.72, 363.032, 513.248
403.947, 2686.75, 83.961, 2323.72, 363.032, 513.248
404.945, 2687.14, 83.973, 2323.78, 363.352, 512.864
404.945, 2687.14, 83.973, 2323.78, 363.352, 512.864
404.945, 2687.14, 83.973, 2323.78, 363.352, 512.864
404.945, 2687.14, 83.973, 2323.78, 363.352, 512.864
404.945, 2687.14, 83.973, 2323.78, 363.352, 512.864
405.945, 2687.53, 83.9853, 2324.01, 363.52, 512.472
405.945, 2687.53, 83.9853, 2324.01, 363.52, 512.472
405.945, 2687.53, 83.9853, 2324.01, 363.52, 512.472
405.945, 2687.53, 83.9853, 2324.01, 363.52, 512.472
405.945, 2687.53, 83.9853, 2324.01, 363.52, 512.472
405.945, 2687.53, 83.9853, 2324.01, 363.52, 512.472
406.947, 2687.67, 83.9898, 2326.19, 361.48, 512.328
406.947, 2687.67, 83.9898, 2326.19, 361.48, 512.328
406.947, 2687.67, 83.9898, 2326.19, 361.48, 512.328
406.947, 2687.67, 83.9898, 2326.19, 361.48, 512.328
406.947, 2687.67, 83.9898, 2326.19, 361.48, 512.328
407.948, 2687.8, 83.9938, 2328, 359.8, 512.2
407.948, 2687.8, 83.9938, 2328, 359.8, 512.2
407.948, 2687.8, 83.9938, 2328, 359.8, 512.2
407.948, 2687.8, 83.9938, 2328, 359.8, 512.2
407.948, 2687.8, 83.9938, 2328, 359.8, 512.2
407.948, 2687.8, 83.9938, 2328, 359.8, 512.2
408.947, 2688.34, 84.0108, 2329.19, 359.152, 511.656
408.947, 2688.34, 84.0108, 2329.19, 359.152, 511.656
408.947, 2688.34, 84.0108, 2329.19, 359.152, 511.656
408.947, 2688.34, 84.0108, 2329.19, 359.152, 511.656
408.947, 2688.34, 84.0108, 2329.19, 359.152, 511.656
408.947, 2688.34, 84.0108, 2329.19, 359.152, 511.656
409.947, 2688.61, 84.019, 2329.34, 359.272, 511.392
409.947, 2688.61, 84.019, 2329.34, 359.272, 511.392
409.947, 2688.61, 84.019, 2329.34, 359.272, 511.392
409.947, 2688.61, 84.019, 2329.34, 359.272, 511.392
409.947, 2688.61, 84.019, 2329.34, 359.272, 511.392
409.947, 2688.61, 84.019, 2329.34, 359.272, 511.392
410.947, 2689.35, 84.0423, 2330.42, 358.928, 510.648
410.947, 2689.35, 84.0423, 2330.42, 358.928, 510.648
410.947, 2689.35, 84.0423, 2330.42, 358.928, 510.648
410.947, 2689.35, 84.0423, 2330.42, 358.928, 510.648
410.947, 2689.35, 84.0423, 2330.42, 358.928, 510.648
410.947, 2689.35, 84.0423, 2330.42, 358.928, 510.648
411.946, 2690.81, 84.0878, 2330.84, 359.968, 509.192
411.946, 2690.81, 84.0878, 2330.84, 359.968, 509.192
411.946, 2690.81, 84.0878, 2330.84, 359.968, 509.192
411.946, 2690.81, 84.0878, 2330.84, 359.968, 509.192
411.946, 2690.81, 84.0878, 2330.84, 359.968, 509.192
411.946, 2690.81, 84.0878, 2330.84, 359.968, 509.192
412.947, 2692.43, 84.1385, 2332.06, 360.368, 507.568
412.947, 2692.43, 84.1385, 2332.06, 360.368, 507.568
412.947, 2692.43, 84.1385, 2332.06, 360.368, 507.568
412.947, 2692.43, 84.1385, 2332.06, 360.368, 507.568
412.947, 2692.43, 84.1385, 2332.06, 360.368, 507.568
413.945, 2696.31, 84.2597, 2336.05, 360.264, 503.688
413.945, 2696.31, 84.2597, 2336.05, 360.264, 503.688
413.945, 2696.31, 84.2597, 2336.05, 360.264, 503.688
413.945, 2696.31, 84.2597, 2336.05, 360.264, 503.688
413.945, 2696.31, 84.2597, 2336.05, 360.264, 503.688
413.945, 2696.31, 84.2597, 2336.05, 360.264, 503.688
414.946, 2698.41, 84.3252, 2337.99, 360.416, 501.592
414.946, 2698.41, 84.3252, 2337.99, 360.416, 501.592
414.946, 2698.41, 84.3252, 2337.99, 360.416, 501.592
414.946, 2698.41, 84.3252, 2337.99, 360.416, 501.592
414.946, 2698.41, 84.3252, 2337.99, 360.416, 501.592
415.947, 2699.39, 84.356, 2339.26, 360.128, 500.608
415.947, 2699.39, 84.356, 2339.26, 360.128, 500.608
415.947, 2699.39, 84.356, 2339.26, 360.128, 500.608
415.947, 2699.39, 84.356, 2339.26, 360.128, 500.608
415.947, 2699.39, 84.356, 2339.26, 360.128, 500.608
416.945, 2699.58, 84.3617, 2338.98, 360.6, 500.424
416.945, 2699.58, 84.3617, 2338.98, 360.6, 500.424
416.945, 2699.58, 84.3617, 2338.98, 360.6, 500.424
416.945, 2699.58, 84.3617, 2338.98, 360.6, 500.424
416.945, 2699.58, 84.3617, 2338.98, 360.6, 500.424
416.945, 2699.89, 84.3715, 2339.1, 360.784, 500.112
416.945, 2699.89, 84.3715, 2339.1, 360.784, 500.112
416.945, 2699.89, 84.3715, 2339.1, 360.784, 500.112
416.945, 2699.89, 84.3715, 2339.1, 360.784, 500.112
416.945, 2699.89, 84.3715, 2339.1, 360.784, 500.112
416.945, 2700.29, 84.384, 2339.85, 360.44, 499.712
416.945, 2700.29, 84.384, 2339.85, 360.44, 499.712
416.945, 2700.29, 84.384, 2339.85, 360.44, 499.712
416.951, 2700.29, 84.384, 2339.85, 360.44, 499.712
416.951, 2700.29, 84.384, 2339.85, 360.44, 499.712
416.951, 2700.55, 84.3922, 2340.63, 359.92, 499.448
416.951, 2700.55, 84.3922, 2340.63, 359.92, 499.448
416.951, 2700.55, 84.3922, 2340.63, 359.92, 499.448
417.95, 2700.55, 84.3922, 2340.63, 359.92, 499.448
417.95, 2700.55, 84.3922, 2340.63, 359.92, 499.448
417.95, 2701.23, 84.4135, 2340.94, 360.288, 498.768
417.95, 2701.23, 84.4135, 2340.94, 360.288, 498.768
417.95, 2701.23, 84.4135, 2340.94, 360.288, 498.768
418.95, 2701.23, 84.4135, 2340.94, 360.288, 498.768
418.95, 2701.23, 84.4135, 2340.94, 360.288, 498.768
418.95, 2701.4, 84.4187, 2340.45, 360.952, 498.6
418.95, 2701.4, 84.4187, 2340.45, 360.952, 498.6
418.95, 2701.4, 84.4187, 2340.45, 360.952, 498.6
419.952, 2701.4, 84.4187, 2340.45, 360.952, 498.6
419.952, 2701.4, 84.4187, 2340.45, 360.952, 498.6
419.952, 2701.54, 84.4232, 2340.7, 360.84, 498.456
419.952, 2701.54, 84.4232, 2340.7, 360.84, 498.456
419.952, 2701.54, 84.4232, 2340.7, 360.84, 498.456
420.95, 2701.54, 84.4232, 2340.7, 360.84, 498.456
420.95, 2701.54, 84.4232, 2340.7, 360.84, 498.456
420.95, 2701.83, 84.4322, 2341.78, 360.056, 498.168
420.95, 2701.83, 84.4322, 2341.78, 360.056, 498.168
420.95, 2701.83, 84.4322, 2341.78, 360.056, 498.168
421.95, 2701.83, 84.4322, 2341.78, 360.056, 498.168
421.95, 2701.83, 84.4322, 2341.78, 360.056, 498.168
421.95, 2701.94, 84.4355, 2341.64, 360.296, 498.064
421.95, 2701.94, 84.4355, 2341.64, 360.296, 498.064
421.95, 2701.94, 84.4355, 2341.64, 360.296, 498.064
422.951, 2701.94, 84.4355, 2341.64, 360.296, 498.064
422.951, 2701.94, 84.4355, 2341.64, 360.296, 498.064
422.951, 2702.14, 84.442, 2341.61, 360.536, 497.856
422.951, 2702.14, 84.442, 2341.61, 360.536, 497.856
422.951, 2702.14, 84.442, 2341.61, 360.536, 497.856
423.951, 2702.14, 84.442, 2341.61, 360.536, 497.856
423.951, 2702.14, 84.442, 2341.61, 360.536, 497.856
423.951, 2702.42, 84.4507, 2342.2, 360.224, 497.576
423.951, 2702.42, 84.4507, 2342.2, 360.224, 497.576
423.951, 2702.42, 84.4507, 2342.2, 360.224, 497.576
424.951, 2702.42, 84.4507, 2342.2, 360.224, 497.576
424.951, 2702.42, 84.4507, 2342.2, 360.224, 497.576
424.951, 2702.56, 84.455, 2342.5, 360.056, 497.44
424.951, 2702.56, 84.455, 2342.5, 360.056, 497.44
424.951, 2702.56, 84.455, 2342.5, 360.056, 497.44
425.952, 2702.56, 84.455, 2342.5, 360.056, 497.44
425.952, 2702.56, 84.455, 2342.5, 360.056, 497.44
425.952, 2702.85, 84.464, 2341.23, 361.616, 497.152
425.952, 2702.85, 84.464, 2341.23, 361.616, 497.152
425.952, 2702.85, 84.464, 2341.23, 361.616, 497.152
426.951, 2702.85, 84.464, 2341.23, 361.616, 497.152
426.951, 2702.85, 84.464, 2341.23, 361.616, 497.152
426.951, 2703.08, 84.4712, 2341.07, 362.008, 496.92
426.951, 2703.08, 84.4712, 2341.07, 362.008, 496.92
426.951, 2703.08, 84.4712, 2341.07, 362.008, 496.92
427.951, 2703.08, 84.4712, 2341.07, 362.008, 496.92
427.951, 2703.08, 84.4712, 2341.07, 362.008, 496.92
427.951, 2703.73, 84.4915, 2341.37, 362.36, 496.272
427.951, 2703.73, 84.4915, 2341.37, 362.36, 496.272
427.951, 2703.73, 84.4915, 2341.37, 362.36, 496.272
428.951, 2703.73, 84.4915, 2341.37, 362.36, 496.272
428.951, 2703.73, 84.4915, 2341.37, 362.36, 496.272
428.951, 2704.7, 84.5217, 2341.89, 362.808, 495.304
428.951, 2704.7, 84.5217, 2341.89, 362.808, 495.304
428.951, 2704.7, 84.5217, 2341.89, 362.808, 495.304
429.951, 2704.7, 84.5217, 2341.89, 362.808, 495.304
429.951, 2704.7, 84.5217, 2341.89, 362.808, 495.304
429.951, 2706.95, 84.5922, 2343.99, 362.96, 493.048
429.951, 2706.95, 84.5922, 2343.99, 362.96, 493.048
429.951, 2706.95, 84.5922, 2343.99, 362.96, 493.048
430.953, 2706.95, 84.5922, 2343.99, 362.96, 493.048
430.953, 2706.95, 84.5922, 2343.99, 362.96, 493.048
430.953, 2708.6, 84.6437, 2345.32, 363.28, 491.4
430.953, 2708.6, 84.6437, 2345.32, 363.28, 491.4
430.953, 2708.6, 84.6437, 2345.32, 363.28, 491.4
431.951, 2708.6, 84.6437, 2345.32, 363.28, 491.4
431.951, 2708.6, 84.6437, 2345.32, 363.28, 491.4
431.951, 2710.49, 84.7027, 2346.65, 363.84, 489.512
431.951, 2710.49, 84.7027, 2346.65, 363.84, 489.512
431.951, 2710.49, 84.7027, 2346.65, 363.84, 489.512
432.95, 2710.49, 84.7027, 2346.65, 363.84, 489.512
432.95, 2710.49, 84.7027, 2346.65, 363.84, 489.512
432.95, 2710.99, 84.7185, 2347.42, 363.568, 489.008
432.95, 2710.99, 84.7185, 2347.42, 363.568, 489.008
432.95, 2710.99, 84.7185, 2347.42, 363.568, 489.008
433.95, 2710.99, 84.7185, 2347.42, 363.568, 489.008
433.95, 2710.99, 84.7185, 2347.42, 363.568, 489.008
433.95, 2711.97, 84.749, 2348.5, 363.472, 488.032
433.95, 2711.97, 84.749, 2348.5, 363.472, 488.032
433.95, 2711.97, 84.749, 2348.5, 363.472, 488.032
434.95, 2711.97, 84.749, 2348.5, 363.472, 488.032
434.95, 2711.97, 84.749, 2348.5, 363.472, 488.032
434.95, 2712.33, 84.7602, 2348.22, 364.112, 487.672
434.95, 2712.33, 84.7602, 2348.22, 364.112, 487.672
434.95, 2712.33, 84.7602, 2348.22, 364.112, 487.672
435.95, 2712.33, 84.7602, 2348.22, 364.112, 487.672
435.95, 2712.33, 84.7602, 2348.22, 364.112, 487.672
435.95, 2713.52, 84.7975, 2349.03, 364.488, 486.48
435.95, 2713.52, 84.7975, 2349.03, 364.488, 486.48
435.95, 2713.52, 84.7975, 2349.03, 364.488, 486.48
436.95, 2713.52, 84.7975, 2349.03, 364.488, 486.48
436.95, 2713.52, 84.7975, 2349.03, 364.488, 486.48
436.95, 2713.89, 84.809, 2349.86, 364.032, 486.112
436.95, 2713.89, 84.809, 2349.86, 364.032, 486.112
436.95, 2713.89, 84.809, 2349.86, 364.032, 486.112
437.952, 2713.89, 84.809, 2349.86, 364.032, 486.112
437.952, 2713.89, 84.809, 2349.86, 364.032, 486.112
437.952, 2714.07, 84.8147, 2351.03, 363.04, 485.928
437.952, 2714.07, 84.8147, 2351.03, 363.04, 485.928
437.952, 2714.07, 84.8147, 2351.03, 363.04, 485.928
438.95, 2714.07, 84.8147, 2351.03, 363.04, 485.928
438.95, 2714.07, 84.8147, 2351.03, 363.04, 485.928
438.95, 2714.73, 84.8352, 2350.89, 363.84, 485.272
438.95, 2714.73, 84.8352, 2350.89, 363.84, 485.272
438.95, 2714.73, 84.8352, 2350.89, 363.84, 485.272
439.954, 2714.73, 84.8352, 2350.89, 363.84, 485.272
439.954, 2714.73, 84.8352, 2350.89, 363.84, 485.272
439.954, 2715.18, 84.8492, 2350.14, 365.032, 484.824
439.954, 2715.18, 84.8492, 2350.14, 365.032, 484.824
439.954, 2715.18, 84.8492, 2350.14, 365.032, 484.824
440.95, 2715.18, 84.8492, 2350.14, 365.032, 484.824
440.95, 2715.18, 84.8492, 2350.14, 365.032, 484.824
440.95, 2715.37, 84.8552, 2350.84, 364.528, 484.632
440.95, 2715.37, 84.8552, 2350.84, 364.528, 484.632
440.95, 2715.37, 84.8552, 2350.84, 364.528, 484.632
441.952, 2715.37, 84.8552, 2350.84, 364.528, 484.632
441.952, 2715.37, 84.8552, 2350.84, 364.528, 484.632
441.952, 2716.28, 84.8837, 2351.98, 364.304, 483.72
441.952, 2716.28, 84.8837, 2351.98, 364.304, 483.72
441.952, 2716.28, 84.8837, 2351.98, 364.304, 483.72
442.95, 2716.28, 84.8837, 2351.98, 364.304, 483.72
442.95, 2716.28, 84.8837, 2351.98, 364.304, 483.72
442.95, 2718.44, 84.9512, 2353.01, 365.432, 481.56
442.95, 2718.44, 84.9512, 2353.01, 365.432, 481.56
442.95, 2718.44, 84.9512, 2353.01, 365.432, 481.56
443.951, 2718.44, 84.9512, 2353.01, 365.432, 481.56
443.951, 2718.44, 84.9512, 2353.01, 365.432, 481.56
443.951, 2719.52, 84.985, 2353.57, 365.952, 480.48
443.951, 2719.52, 84.985, 2353.57, 365.952, 480.48
443.951, 2719.52, 84.985, 2353.57, 365.952, 480.48
444.95, 2719.52, 84.985, 2353.57, 365.952, 480.48
444.95, 2719.52, 84.985, 2353.57, 365.952, 480.48
444.95, 2720.63, 85.0197, 2354.14, 366.488, 479.368
444.95, 2720.63, 85.0197, 2354.14, 366.488, 479.368
444.95, 2720.63, 85.0197, 2354.14, 366.488, 479.368
445.951, 2720.63, 85.0197, 2354.14, 366.488, 479.368
445.951, 2720.63, 85.0197, 2354.14, 366.488, 479.368
445.951, 2721.69, 85.0527, 2355.09, 366.6, 478.312
445.951, 2721.69, 85.0527, 2355.09, 366.6, 478.312
445.951, 2721.69, 85.0527, 2355.09, 366.6, 478.312
446.951, 2721.69, 85.0527, 2355.09, 366.6, 478.312
446.951, 2721.69, 85.0527, 2355.09, 366.6, 478.312
446.951, 2722.16, 85.0675, 2355.47, 366.688, 477.84
446.951, 2722.16, 85.0675, 2355.47, 366.688, 477.84
446.951, 2722.16, 85.0675, 2355.47, 366.688, 477.84
447.951, 2722.16, 85.0675, 2355.47, 366.688, 477.84
447.951, 2722.16, 85.0675, 2355.47, 366.688, 477.84
447.951, 2723.03, 85.0947, 2355.7, 367.336, 476.968
447.951, 2723.03, 85.0947, 2355.7, 367.336, 476.968
447.951, 2723.03, 85.0947, 2355.7, 367.336, 476.968
448.952, 2723.03, 85.0947, 2355.7, 367.336, 476.968
448.952, 2723.03, 85.0947, 2355.7, 367.336, 476.968
448.952, 2723.4, 85.1062, 2356.98, 366.416, 476.6
448.952, 2723.4, 85.1062, 2356.98, 366.416, 476.6
448.952, 2723.4, 85.1062, 2356.98, 366.416, 476.6
449.952, 2723.4, 85.1062, 2356.98, 366.416, 476.6
449.952, 2723.4, 85.1062, 2356.98, 366.416, 476.6
449.952, 2723.78, 85.118, 2357.79, 365.984, 476.224
449.952, 2723.78, 85.118, 2357.79, 365.984, 476.224
449.952, 2723.78, 85.118, 2357.79, 365.984, 476.224
450.952, 2723.78, 85.118, 2357.79, 365.984, 476.224
450.952, 2723.78, 85.118, 2357.79, 365.984, 476.224
450.952, 2724.96, 85.155, 2358.58, 366.376, 475.04
450.952, 2724.96, 85.155, 2358.58, 366.376, 475.04
450.952, 2724.96, 85.155, 2358.58, 366.376, 475.04
451.951, 2724.96, 85.155, 2358.58, 366.376, 475.04
451.951, 2724.96, 85.155, 2358.58, 366.376, 475.04
451.951, 2726.9, 85.2155, 2359.57, 367.328, 473.104
451.951, 2726.9, 85.2155, 2359.57, 367.328, 473.104
451.951, 2726.9, 85.2155, 2359.57, 367.328, 473.104
452.951, 2726.9, 85.2155, 2359.57, 367.328, 473.104
452.951, 2726.9, 85.2155, 2359.57, 367.328, 473.104
452.951, 2728.77, 85.274, 2361.78, 366.992, 471.232
452.951, 2728.77, 85.274, 2361.78, 366.992, 471.232
452.951, 2728.77, 85.274, 2361.78, 366.992, 471.232
453.951, 2728.77, 85.274, 2361.78, 366.992, 471.232
453.951, 2728.77, 85.274, 2361.78, 366.992, 471.232
453.951, 2730.15, 85.3172, 2363.9, 366.248, 469.848
453.951, 2730.15, 85.3172, 2363.9, 366.248, 469.848
453.951, 2730.15, 85.3172, 2363.9, 366.248, 469.848
454.951, 2730.15, 85.3172, 2363.9, 366.248, 469.848
454.951, 2730.15, 85.3172, 2363.9, 366.248, 469.848
454.951, 2730.34, 85.3232, 2363.21, 367.136, 469.656
454.951, 2730.34, 85.3232, 2363.21, 367.136, 469.656
454.951, 2730.34, 85.3232, 2363.21, 367.136, 469.656
455.95, 2730.34, 85.3232, 2363.21, 367.136, 469.656
455.95, 2730.34, 85.3232, 2363.21, 367.136, 469.656
455.95, 2730.56, 85.33, 2361.99, 368.568, 469.44
455.95, 2730.56, 85.33, 2361.99, 368.568, 469.44
455.95, 2730.56, 85.33, 2361.99, 368.568, 469.44
456.95, 2730.56, 85.33, 2361.99, 368.568, 469.44
456.95, 2730.56, 85.33, 2361.99, 368.568, 469.44
456.95, 2731.01, 85.344, 2362.23, 368.776, 468.992
456.95, 2731.01, 85.344, 2362.23, 368.776, 468.992
456.95, 2731.01, 85.344, 2362.23, 368.776, 468.992
457.95, 2731.01, 85.344, 2362.23, 368.776, 468.992
457.95, 2731.01, 85.344, 2362.23, 368.776, 468.992
457.95, 2731.66, 85.3645, 2364.11, 367.552, 468.336
457.95, 2731.66, 85.3645, 2364.11, 367.552, 468.336
457.95, 2731.66, 85.3645, 2364.11, 367.552, 468.336
458.95, 2731.66, 85.3645, 2364.11, 367.552, 468.336
458.95, 2731.66, 85.3645, 2364.11, 367.552, 468.336
458.95, 2732.4, 85.3875, 2365.29, 367.112, 467.6
458.95, 2732.4, 85.3875, 2365.29, 367.112, 467.6
458.95, 2732.4, 85.3875, 2365.29, 367.112, 467.6
459.95, 2732.4, 85.3875, 2365.29, 367.112, 467.6
459.95, 2732.4, 85.3875, 2365.29, 367.112, 467.6
459.95, 2732.84, 85.4012, 2366.4, 366.44, 467.16
459.95, 2732.84, 85.4012, 2366.4, 366.44, 467.16
459.95, 2732.84, 85.4012, 2366.4, 366.44, 467.16
460.95, 2732.84, 85.4012, 2366.4, 366.44, 467.16
460.95, 2732.84, 85.4012, 2366.4, 366.44, 467.16
460.95, 2733.91, 85.4347, 2368.62, 365.296, 466.088
460.95, 2733.91, 85.4347, 2368.62, 365.296, 466.088
460.95, 2733.91, 85.4347, 2368.62, 365.296, 466.088
461.951, 2733.91, 85.4347, 2368.62, 365.296, 466.088
461.951, 2733.91, 85.4347, 2368.62, 365.296, 466.088
461.951, 2734.22, 85.4442, 2370.2, 364.016, 465.784
461.951, 2734.22, 85.4442, 2370.2, 364.016, 465.784
461.951, 2734.22, 85.4442, 2370.2, 364.016, 465.784
462.952, 2734.22, 85.4442, 2370.2, 364.016, 465.784
462.952, 2734.22, 85.4442, 2370.2, 364.016, 465.784
462.952, 2734.62, 85.457, 2370.78, 363.84, 465.376
462.952, 2734.62, 85.457, 2370.78, 363.84, 465.376
462.952, 2734.62, 85.457, 2370.78, 363.84, 465.376
463.95, 2734.62, 85.457, 2370.78, 363.84, 465.376
463.95, 2734.62, 85.457, 2370.78, 363.84, 465.376
463.95, 2734.98, 85.4682, 2371.23, 363.752, 465.016
463.95, 2734.98, 85.4682, 2371.23, 363.752, 465.016
463.95, 2734.98, 85.4682, 2371.23, 363.752, 465.016
464.951, 2734.98, 85.4682, 2371.23, 363.752, 465.016
464.951, 2734.98, 85.4682, 2371.23, 363.752, 465.016
464.951, 2735.19, 85.4747, 2371.82, 363.376, 464.808
464.951, 2735.19, 85.4747, 2371.82, 363.376, 464.808
464.951, 2735.19, 85.4747, 2371.82, 363.376, 464.808
465.95, 2735.19, 85.4747, 2371.82, 363.376, 464.808
465.95, 2735.19, 85.4747, 2371.82, 363.376, 464.808
465.95, 2735.41, 85.4815, 2373.13, 362.28, 464.592
465.95, 2735.41, 85.4815, 2373.13, 362.28, 464.592
465.95, 2735.41, 85.4815, 2373.13, 362.28, 464.592
466.952, 2735.41, 85.4815, 2373.13, 362.28, 464.592
466.952, 2735.41, 85.4815, 2373.13, 362.28, 464.592
466.952, 2735.58, 85.487, 2373.78, 361.8, 464.416
466.952, 2735.58, 85.487, 2373.78, 361.8, 464.416
466.952, 2735.58, 85.487, 2373.78, 361.8, 464.416
467.951, 2735.58, 85.487, 2373.78, 361.8, 464.416
467.951, 2735.58, 85.487, 2373.78, 361.8, 464.416
467.951, 2735.71, 85.491, 2373.58, 362.136, 464.288
467.951, 2735.71, 85.491, 2373.58, 362.136, 464.288
467.951, 2735.71, 85.491, 2373.58, 362.136, 464.288
468.95, 2735.71, 85.491, 2373.58, 362.136, 464.288
468.95, 2735.71, 85.491, 2373.58, 362.136, 464.288
468.95, 2735.73, 85.4915, 2372.64, 363.088, 464.272
468.95, 2735.73, 85.4915, 2372.64, 363.088, 464.272
468.95, 2735.73, 85.4915, 2372.64, 363.088, 464.272
469.95, 2735.73, 85.4915, 2372.64, 363.088, 464.272
469.95, 2735.73, 85.4915, 2372.64, 363.088, 464.272
469.95, 2736.13, 85.504, 2373.02, 363.112, 463.872
469.95, 2736.13, 85.504, 2373.02, 363.112, 463.872
469.95, 2736.13, 85.504, 2373.02, 363.112, 463.872
470.951, 2736.13, 85.504, 2373.02, 363.112, 463.872
470.951, 2736.13, 85.504, 2373.02, 363.112, 463.872
470.951, 2736.27, 85.5085, 2372.93, 363.344, 463.728
470.951, 2736.27, 85.5085, 2372.93, 363.344, 463.728
470.951, 2736.27, 85.5085, 2372.93, 363.344, 463.728
471.95, 2736.27, 85.5085, 2372.93, 363.344, 463.728
471.95, 2736.27, 85.5085, 2372.93, 363.344, 463.728
471.95, 2736.3, 85.5095, 2372.84, 363.464, 463.696
471.95, 2736.3, 85.5095, 2372.84, 363.464, 463.696
471.95, 2736.3, 85.5095, 2372.84, 363.464, 463.696
472.95, 2736.3, 85.5095, 2372.84, 363.464, 463.696
472.95, 2736.3, 85.5095, 2372.84, 363.464, 463.696
472.95, 2736.45, 85.514, 2372.97, 363.48, 463.552
472.95, 2736.45, 85.514, 2372.97, 363.48, 463.552
472.95, 2736.45, 85.514, 2372.97, 363.48, 463.552
473.953, 2736.45, 85.514, 2372.97, 363.48, 463.552
473.953, 2736.45, 85.514, 2372.97, 363.48, 463.552
473.953, 2736.68, 85.5212, 2373.42, 363.256, 463.32
473.953, 2736.68, 85.5212, 2373.42, 363.256, 463.32
473.953, 2736.68, 85.5212, 2373.42, 363.256, 463.32
474.95, 2736.68, 85.5212, 2373.42, 363.256, 463.32
474.95, 2736.68, 85.5212, 2373.42, 363.256, 463.32
474.95, 2736.78, 85.5242, 2373.66, 363.112, 463.224
474.95, 2736.78, 85.5242, 2373.66, 363.112, 463.224
474.95, 2736.78, 85.5242, 2373.66, 363.112, 463.224
475.95, 2736.78, 85.5242, 2373.66, 363.112, 463.224
475.95, 2736.78, 85.5242, 2373.66, 363.112, 463.224
475.95, 2736.8, 85.525, 2374.31, 362.488, 463.2
475.95, 2736.8, 85.525, 2374.31, 362.488, 463.2
475.95, 2736.8, 85.525, 2374.31, 362.488, 463.2
476.951, 2736.8, 85.525, 2374.31, 362.488, 463.2
476.951, 2736.8, 85.525, 2374.31, 362.488, 463.2
476.951, 2736.86, 85.527, 2374.78, 362.08, 463.136
476.951, 2736.86, 85.527, 2374.78, 362.08, 463.136
476.951, 2736.86, 85.527, 2374.78, 362.08, 463.136
477.95, 2736.86, 85.527, 2374.78, 362.08, 463.136
477.95, 2736.86, 85.527, 2374.78, 362.08, 463.136
477.95, 2736.86, 85.527, 2376.21, 360.656, 463.136
477.95, 2736.86, 85.527, 2376.21, 360.656, 463.136
477.95, 2736.86, 85.527, 2376.21, 360.656, 463.136
478.95, 2736.86, 85.527, 2376.21, 360.656, 463.136
478.95, 2736.86, 85.527, 2376.21, 360.656, 463.136
478.95, 2736.98, 85.5307, 2375.85, 361.136, 463.016
478.95, 2736.98, 85.5307, 2375.85, 361.136, 463.016
478.95, 2736.98, 85.5307, 2375.85, 361.136, 463.016
479.95, 2736.98, 85.5307, 2375.85, 361.136, 463.016
479.95, 2736.98, 85.5307, 2375.85, 361.136, 463.016
479.95, 2737.02, 85.532, 2375.78, 361.248, 462.976
479.95, 2737.02, 85.532, 2375.78, 361.248, 462.976
479.95, 2737.02, 85.532, 2375.78, 361.248, 462.976
480.951, 2737.02, 85.532, 2375.78, 361.248, 462.976
480.951, 2737.02, 85.532, 2375.78, 361.248, 462.976
480.951, 2737.18, 85.5367, 2375.98, 361.2, 462.824
480.951, 2737.18, 85.5367, 2375.98, 361.2, 462.824
480.951, 2737.18, 85.5367, 2375.98, 361.2, 462.824
481.951, 2737.18, 85.5367, 2375.98, 361.2, 462.824
481.951, 2737.18, 85.5367, 2375.98, 361.2, 462.824
481.951, 2737.41, 85.544, 2375.28, 362.128, 462.592
481.951, 2737.41, 85.544, 2375.28, 362.128, 462.592
481.951, 2737.41, 85.544, 2375.28, 362.128, 462.592
482.95, 2737.41, 85.544, 2375.28, 362.128, 462.592
482.95, 2737.41, 85.544, 2375.28, 362.128, 462.592
482.95, 2738.01, 85.5627, 2376.21, 361.8, 461.992
482.95, 2738.01, 85.5627, 2376.21, 361.8, 461.992
482.95, 2738.01, 85.5627, 2376.21, 361.8, 461.992
483.95, 2738.01, 85.5627, 2376.21, 361.8, 461.992
483.95, 2738.01, 85.5627, 2376.21, 361.8, 461.992
483.95, 2739.26, 85.6017, 2376.46, 362.8, 460.744
483.95, 2739.26, 85.6017, 2376.46, 362.8, 460.744
483.95, 2739.26, 85.6017, 2376.46, 362.8, 460.744
484.95, 2739.26, 85.6017, 2376.46, 362.8, 460.744
484.95, 2739.26, 85.6017, 2376.46, 362.8, 460.744
484.95, 2739.26, 85.6017, 2375.86, 363.4, 460.744
484.95, 2739.26, 85.6017, 2375.86, 363.4, 460.744
484.95, 2739.26, 85.6017, 2375.86, 363.4, 460.744
485.95, 2739.26, 85.6017, 2375.86, 363.4, 460.744
485.95, 2739.26, 85.6017, 2375.86, 363.4, 460.744
485.95, 2739.33, 85.604, 2375.76, 363.568, 460.672
485.95, 2739.33, 85.604, 2375.76, 363.568, 460.672
485.95, 2739.33, 85.604, 2375.76, 363.568, 460.672
486.95, 2739.33, 85.604, 2375.76, 363.568, 460.672
486.95, 2739.33, 85.604, 2375.76, 363.568, 460.672
486.95, 2740.72, 85.6475, 2376.71, 364.008, 459.28
486.95, 2740.72, 85.6475, 2376.71, 364.008, 459.28
486.95, 2740.72, 85.6475, 2376.71, 364.008, 459.28
487.95, 2740.72, 85.6475, 2376.71, 364.008, 459.28
487.95, 2740.72, 85.6475, 2376.71, 364.008, 459.28
487.95, 2741.13, 85.6602, 2378.42, 362.712, 458.872
487.95, 2741.13, 85.6602, 2378.42, 362.712, 458.872
487.95, 2741.13, 85.6602, 2378.42, 362.712, 458.872
488.953, 2741.13, 85.6602, 2378.42, 362.712, 458.872
488.953, 2741.13, 85.6602, 2378.42, 362.712, 458.872
488.953, 2741.43, 85.6697, 2377.03, 364.4, 458.568
488.953, 2741.43, 85.6697, 2377.03, 364.4, 458.568
488.953, 2741.43, 85.6697, 2377.03, 364.4, 458.568
489.951, 2741.43, 85.6697, 2377.03, 364.4, 458.568
489.951, 2741.43, 85.6697, 2377.03, 364.4, 458.568
489.951, 2742.34, 85.698, 2377.81, 364.528, 457.664
489.951, 2742.34, 85.698, 2377.81, 364.528, 457.664
489.951, 2742.34, 85.698, 2377.81, 364.528, 457.664
490.951, 2742.34, 85.698, 2377.81, 364.528, 457.664
490.951, 2742.34, 85.698, 2377.81, 364.528, 457.664
490.951, 2742.43, 85.701, 2377.48, 364.952, 457.568
490.951, 2742.43, 85.701, 2377.48, 364.952, 457.568
490.951, 2742.43, 85.701, 2377.48, 364.952, 457.568
491.951, 2742.43, 85.701, 2377.48, 364.952, 457.568
491.951, 2742.43, 85.701, 2377.48, 364.952, 457.568
491.951, 2742.5, 85.703, 2377.42, 365.08, 457.504
491.951, 2742.5, 85.703, 2377.42, 365.08, 457.504
491.951, 2742.5, 85.703, 2377.42, 365.08, 457.504
492.95, 2742.5, 85.703, 2377.42, 365.08, 457.504
492.95, 2742.5, 85.703, 2377.42, 365.08, 457.504
492.95, 2742.61, 85.7065, 2376.83, 365.776, 457.392
492.95, 2742.61, 85.7065, 2376.83, 365.776, 457.392
492.95, 2742.61, 85.7065, 2376.83, 365.776, 457.392
493.952, 2742.61, 85.7065, 2376.83, 365.776, 457.392
493.952, 2742.61, 85.7065, 2376.83, 365.776, 457.392
493.952, 2742.98, 85.718, 2379.86, 363.12, 457.024
493.952, 2742.98, 85.718, 2379.86, 363.12, 457.024
493.952, 2742.98, 85.718, 2379.86, 363.12, 457.024
494.95, 2742.98, 85.718, 2379.86, 363.12, 457.024
494.95, 2742.98, 85.718, 2379.86, 363.12, 457.024
494.95, 2743.19, 85.7247, 2379.95, 363.24, 456.808
494.95, 2743.19, 85.7247, 2379.95, 363.24, 456.808
494.95, 2743.19, 85.7247, 2379.95, 363.24, 456.808
495.952, 2743.19, 85.7247, 2379.95, 363.24, 456.808
495.952, 2743.19, 85.7247, 2379.95, 363.24, 456.808
495.952, 2743.62, 85.738, 2380.08, 363.536, 456.384
495.952, 2743.62, 85.738, 2380.08, 363.536, 456.384
495.952, 2743.62, 85.738, 2380.08, 363.536, 456.384
496.951, 2743.62, 85.738, 2380.08, 363.536, 456.384
496.951, 2743.62, 85.738, 2380.08, 363.536, 456.384
496.951, 2743.71, 85.741, 2380.04, 363.672, 456.288
496.951, 2743.71, 85.741, 2380.04, 363.672, 456.288
496.951, 2743.71, 85.741, 2380.04, 363.672, 456.288
497.951, 2743.71, 85.741, 2380.04, 363.672, 456.288
497.951, 2743.71, 85.741, 2380.04, 363.672, 456.288
497.951, 2743.84, 85.745, 2380.42, 363.416, 456.16
497.951, 2743.84, 85.745, 2380.42, 363.416, 456.16
497.951, 2743.84, 85.745, 2380.42, 363.416, 456.16
498.95, 2743.84, 85.745, 2380.42, 363.416, 456.16
498.95, 2743.84, 85.745, 2380.42, 363.416, 456.16
498.95, 2743.88, 85.7462, 2382.06, 361.816, 456.12
498.95, 2743.88, 85.7462, 2382.06, 361.816, 456.12
498.95, 2743.88, 85.7462, 2382.06, 361.816, 456.12
499.953, 2743.88, 85.7462, 2382.06, 361.816, 456.12
499.953, 2743.88, 85.7462, 2382.06, 361.816, 456.12
499.953, 2743.96, 85.7487, 2381.94, 362.024, 456.04
499.953, 2743.96, 85.7487, 2381.94, 362.024, 456.04
499.953, 2743.96, 85.7487, 2381.94, 362.024, 456.04
500.954, 2743.96, 85.7487, 2381.94, 362.024, 456.04
500.954, 2743.96, 85.7487, 2381.94, 362.024, 456.04
500.954, 2744.01, 85.7502, 2382.5, 361.504, 455.992
500.954, 2744.01, 85.7502, 2382.5, 361.504, 455.992
500.954, 2744.01, 85.7502, 2382.5, 361.504, 455.992
501.95, 2744.01, 85.7502, 2382.5, 361.504, 455.992
501.95, 2744.01, 85.7502, 2382.5, 361.504, 455.992
501.95, 2744.02, 85.7507, 2382.53, 361.496, 455.976
501.95, 2744.02, 85.7507, 2382.53, 361.496, 455.976
501.95, 2744.02, 85.7507, 2382.53, 361.496, 455.976
502.95, 2744.02, 85.7507, 2382.53, 361.496, 455.976
502.95, 2744.02, 85.7507, 2382.53, 361.496, 455.976
502.95, 2744.14, 85.7545, 2382.26, 361.888, 455.856
502.95, 2744.14, 85.7545, 2382.26, 361.888, 455.856
502.95, 2744.14, 85.7545, 2382.26, 361.888, 455.856
503.95, 2744.14, 85.7545, 2382.26, 361.888, 455.856
503.95, 2744.14, 85.7545, 2382.26, 361.888, 455.856
503.95, 2745.14, 85.7857, 2383.35, 361.792, 454.856
503.95, 2745.14, 85.7857, 2383.35, 361.792, 454.856
503.95, 2745.14, 85.7857, 2383.35, 361.792, 454.856
504.95, 2745.14, 85.7857, 2383.35, 361.792, 454.856
504.95, 2745.14, 85.7857, 2383.35, 361.792, 454.856
504.95, 2745.52, 85.7975, 2384.64, 360.88, 454.48
504.95, 2745.52, 85.7975, 2384.64, 360.88, 454.48
504.95, 2745.52, 85.7975, 2384.64, 360.88, 454.48
505.951, 2745.52, 85.7975, 2384.64, 360.88, 454.48
505.951, 2745.52, 85.7975, 2384.64, 360.88, 454.48
505.951, 2745.57, 85.799, 2384.23, 361.336, 454.432
505.951, 2745.57, 85.799, 2384.23, 361.336, 454.432
505.951, 2745.57, 85.799, 2384.23, 361.336, 454.432
506.951, 2745.57, 85.799, 2384.23, 361.336, 454.432
506.951, 2745.57, 85.799, 2384.23, 361.336, 454.432
506.951, 2745.7, 85.803, 2384.41, 361.288, 454.304
506.951, 2745.7, 85.803, 2384.41, 361.288, 454.304
506.951, 2745.7, 85.803, 2384.41, 361.288, 454.304
507.95, 2745.7, 85.803, 2384.41, 361.288, 454.304
507.95, 2745.7, 85.803, 2384.41, 361.288, 454.304
507.95, 2746.43, 85.826, 2383.77, 362.664, 453.568
507.95, 2746.43, 85.826, 2383.77, 362.664, 453.568
507.95, 2746.43, 85.826, 2383.77, 362.664, 453.568
508.951, 2746.43, 85.826, 2383.77, 362.664, 453.568
508.951, 2746.43, 85.826, 2383.77, 362.664, 453.568
508.951, 2747.68, 85.865, 2384.27, 363.408, 452.32
508.951, 2747.68, 85.865, 2384.27, 363.408, 452.32
508.951, 2747.68, 85.865, 2384.27, 363.408, 452.32
509.95, 2747.68, 85.865, 2384.27, 363.408, 452.32
509.95, 2747.68, 85.865, 2384.27, 363.408, 452.32
509.95, 2747.8, 85.8687, 2384.65, 363.152, 452.2
509.95, 2747.8, 85.8687, 2384.65, 363.152, 452.2
509.95, 2747.8, 85.8687, 2384.65, 363.152, 452.2
510.95, 2747.8, 85.8687, 2384.65, 363.152, 452.2
510.95, 2747.8, 85.8687, 2384.65, 363.152, 452.2
510.95, 2747.8, 85.8687, 2384.27, 363.528, 452.2
510.95, 2747.8, 85.8687, 2384.27, 363.528, 452.2
510.95, 2747.8, 85.8687, 2384.27, 363.528, 452.2
511.953, 2747.8, 85.8687, 2384.27, 363.528, 452.2
511.953, 2747.8, 85.8687, 2384.27, 363.528, 452.2
511.953, 2747.86, 85.8705, 2383.69, 364.168, 452.144
511.953, 2747.86, 85.8705, 2383.69, 364.168, 452.144
511.953, 2747.86, 85.8705, 2383.69, 364.168, 452.144
512.95, 2747.86, 85.8705, 2383.69, 364.168, 452.144
512.95, 2747.86, 85.8705, 2383.69, 364.168, 452.144
512.95, 2747.92, 85.8725, 2383.06, 364.864, 452.08
512.95, 2747.92, 85.8725, 2383.06, 364.864, 452.08
512.95, 2747.92, 85.8725, 2383.06, 364.864, 452.08
513.95, 2747.92, 85.8725, 2383.06, 364.864, 452.08
513.95, 2747.92, 85.8725, 2383.06, 364.864, 452.08
513.95, 2748.02, 85.8755, 2382.94, 365.072, 451.984
513.95, 2748.02, 85.8755, 2382.94, 365.072, 451.984
513.95, 2748.02, 85.8755, 2382.94, 365.072, 451.984
514.952, 2748.02, 85.8755, 2382.94, 365.072, 451.984
514.952, 2748.02, 85.8755, 2382.94, 365.072, 451.984
514.952, 2748.1, 85.8782, 2382.27, 365.832, 451.896
514.952, 2748.1, 85.8782, 2382.27, 365.832, 451.896
514.952, 2748.1, 85.8782, 2382.27, 365.832, 451.896
515.95, 2748.1, 85.8782, 2382.27, 365.832, 451.896
515.95, 2748.1, 85.8782, 2382.27, 365.832, 451.896
515.95, 2748.3, 85.8842, 2382.63, 365.664, 451.704
515.95, 2748.3, 85.8842, 2382.63, 365.664, 451.704
515.95, 2748.3, 85.8842, 2382.63, 365.664, 451.704
516.951, 2748.3, 85.8842, 2382.63, 365.664, 451.704
516.951, 2748.3, 85.8842, 2382.63, 365.664, 451.704
516.951, 2748.43, 85.8885, 2383.14, 365.296, 451.568
516.951, 2748.43, 85.8885, 2383.14, 365.296, 451.568
516.951, 2748.43, 85.8885, 2383.14, 365.296, 451.568
517.952, 2748.43, 85.8885, 2383.14, 365.296, 451.568
517.952, 2748.43, 85.8885, 2383.14, 365.296, 451.568
517.952, 2748.53, 85.8915, 2382.63, 365.896, 451.472
517.952, 2748.53, 85.8915, 2382.63, 365.896, 451.472
517.952, 2748.53, 85.8915, 2382.63, 365.896, 451.472
518.951, 2748.53, 85.8915, 2382.63, 365.896, 451.472
518.951, 2748.53, 85.8915, 2382.63, 365.896, 451.472
518.951, 2748.96, 85.905, 2383.04, 365.92, 451.04
518.951, 2748.96, 85.905, 2383.04, 365.92, 451.04
518.951, 2748.96, 85.905, 2383.04, 365.92, 451.04
519.95, 2748.96, 85.905, 2383.04, 365.92, 451.04
519.95, 2748.96, 85.905, 2383.04, 365.92, 451.04
519.95, 2749.11, 85.9097, 2383.74, 365.368, 450.888
519.95, 2749.11, 85.9097, 2383.74, 365.368, 450.888
519.95, 2749.11, 85.9097, 2383.74, 365.368, 450.888
520.952, 2749.11, 85.9097, 2383.74, 365.368, 450.888
520.952, 2749.11, 85.9097, 2383.74, 365.368, 450.888
520.952, 2749.48, 85.9212, 2383.9, 365.576, 450.52
520.952, 2749.48, 85.9212, 2383.9, 365.576, 450.52
520.952, 2749.48, 85.9212, 2383.9, 365.576, 450.52
521.953, 2749.48, 85.9212, 2383.9, 365.576, 450.52
521.953, 2749.48, 85.9212, 2383.9, 365.576, 450.52
521.953, 2749.7, 85.9282, 2384.2, 365.504, 450.296
521.953, 2749.7, 85.9282, 2384.2, 365.504, 450.296
521.953, 2749.7, 85.9282, 2384.2, 365.504, 450.296
522.951, 2749.7, 85.9282, 2384.2, 365.504, 450.296
522.951, 2749.7, 85.9282, 2384.2, 365.504, 450.296
522.951, 2749.75, 85.9297, 2384.03, 365.72, 450.248
522.951, 2749.75, 85.9297, 2384.03, 365.72, 450.248
522.951, 2749.75, 85.9297, 2384.03, 365.72, 450.248
523.951, 2749.75, 85.9297, 2384.03, 365.72, 450.248
523.951, 2749.75, 85.9297, 2384.03, 365.72, 450.248
523.951, 2750.1, 85.9405, 2384.35, 365.744, 449.904
523.951, 2750.1, 85.9405, 2384.35, 365.744, 449.904
523.951, 2750.1, 85.9405, 2384.35, 365.744, 449.904
524.952, 2750.1, 85.9405, 2384.35, 365.744, 449.904
524.952, 2750.1, 85.9405, 2384.35, 365.744, 449.904
524.952, 2750.38, 85.9495, 2384.84, 365.544, 449.616
524.952, 2750.38, 85.9495, 2384.84, 365.544, 449.616
524.952, 2750.38, 85.9495, 2384.84, 365.544, 449.616
525.95, 2750.38, 85.9495, 2384.84, 365.544, 449.616
525.95, 2750.38, 85.9495, 2384.84, 365.544, 449.616
525.95, 2750.78, 85.9617, 2385, 365.776, 449.224
525.95, 2750.78, 85.9617, 2385, 365.776, 449.224
525.95, 2750.78, 85.9617, 2385, 365.776, 449.224
526.95, 2750.78, 85.9617, 2385, 365.776, 449.224
526.95, 2750.78, 85.9617, 2385, 365.776, 449.224
526.95, 2751.06, 85.9707, 2386.34, 364.72, 448.936
526.95, 2751.06, 85.9707, 2386.34, 364.72, 448.936
526.95, 2751.06, 85.9707, 2386.34, 364.72, 448.936
527.95, 2751.06, 85.9707, 2386.34, 364.72, 448.936
527.95, 2751.06, 85.9707, 2386.34, 364.72, 448.936
527.95, 2751.58, 85.987, 2387.62, 363.96, 448.416
527.95, 2751.58, 85.987, 2387.62, 363.96, 448.416
527.95, 2751.58, 85.987, 2387.62, 363.96, 448.416
528.95, 2751.58, 85.987, 2387.62, 363.96, 448.416
528.95, 2751.58, 85.987, 2387.62, 363.96, 448.416
528.95, 2751.65, 85.989, 2387.04, 364.608, 448.352
528.95, 2751.65, 85.989, 2387.04, 364.608, 448.352
528.95, 2751.65, 85.989, 2387.04, 364.608, 448.352
529.952, 2751.65, 85.989, 2387.04, 364.608, 448.352
529.952, 2751.65, 85.989, 2387.04, 364.608, 448.352
529.952, 2751.74, 85.9917, 2385.58, 366.16, 448.264
529.952, 2751.74, 85.9917, 2385.58, 366.16, 448.264
529.952, 2751.74, 85.9917, 2385.58, 366.16, 448.264
530.951, 2751.74, 85.9917, 2385.58, 366.16, 448.264
530.951, 2751.74, 85.9917, 2385.58, 366.16, 448.264
530.951, 2751.95, 85.9985, 2385, 366.952, 448.048
530.951, 2751.95, 85.9985, 2385, 366.952, 448.048
530.951, 2751.95, 85.9985, 2385, 366.952, 448.048
531.952, 2751.95, 85.9985, 2385, 366.952, 448.048
531.952, 2751.95, 85.9985, 2385, 366.952, 448.048
531.952, 2753.67, 86.0522, 2386.42, 367.256, 446.328
531.952, 2753.67, 86.0522, 2386.42, 367.256, 446.328
531.952, 2753.67, 86.0522, 2386.42, 367.256, 446.328
532.952, 2753.67, 86.0522, 2386.42, 367.256, 446.328
532.952, 2753.67, 86.0522, 2386.42, 367.256, 446.328
532.952, 2754.49, 86.0777, 2386.74, 367.752, 445.512
532.952, 2754.49, 86.0777, 2386.74, 367.752, 445.512
532.952, 2754.49, 86.0777, 2386.74, 367.752, 445.512
533.95, 2754.49, 86.0777, 2386.74, 367.752, 445.512
533.95, 2754.49, 86.0777, 2386.74, 367.752, 445.512
533.95, 2755.16, 86.0987, 2387.79, 367.368, 444.84
533.95, 2755.16, 86.0987, 2387.79, 367.368, 444.84
533.95, 2755.16, 86.0987, 2387.79, 367.368, 444.84
534.95, 2755.16, 86.0987, 2387.79, 367.368, 444.84
534.95, 2755.16, 86.0987, 2387.79, 367.368, 444.84
534.95, 2755.59, 86.1122, 2387.78, 367.808, 444.408
534.95, 2755.59, 86.1122, 2387.78, 367.808, 444.408
534.95, 2755.59, 86.1122, 2387.78, 367.808, 444.408
535.951, 2755.59, 86.1122, 2387.78, 367.808, 444.408
535.951, 2755.59, 86.1122, 2387.78, 367.808, 444.408
535.951, 2755.91, 86.1222, 2387.69, 368.224, 444.088
535.951, 2755.91, 86.1222, 2387.69, 368.224, 444.088
535.951, 2755.91, 86.1222, 2387.69, 368.224, 444.088
536.95, 2755.91, 86.1222, 2387.69, 368.224, 444.088
536.95, 2755.91, 86.1222, 2387.69, 368.224, 444.088
536.95, 2756.63, 86.1447, 2387.96, 368.672, 443.368
536.95, 2756.63, 86.1447, 2387.96, 368.672, 443.368
536.95, 2756.63, 86.1447, 2387.96, 368.672, 443.368
537.952, 2756.63, 86.1447, 2387.96, 368.672, 443.368
537.952, 2756.63, 86.1447, 2387.96, 368.672, 443.368
537.952, 2756.86, 86.1517, 2387.58, 369.272, 443.144
537.952, 2756.86, 86.1517, 2387.58, 369.272, 443.144
537.952, 2756.86, 86.1517, 2387.58, 369.272, 443.144
538.952, 2756.86, 86.1517, 2387.58, 369.272, 443.144
538.952, 2756.86, 86.1517, 2387.58, 369.272, 443.144
538.952, 2757.76, 86.18, 2388.54, 369.224, 442.24
538.952, 2757.76, 86.18, 2388.54, 369.224, 442.24
538.952, 2757.76, 86.18, 2388.54, 369.224, 442.24
539.951, 2757.76, 86.18, 2388.54, 369.224, 442.24
539.951, 2757.76, 86.18, 2388.54, 369.224, 442.24
539.951, 2757.94, 86.1855, 2388.82, 369.112, 442.064
539.951, 2757.94, 86.1855, 2388.82, 369.112, 442.064
539.951, 2757.94, 86.1855, 2388.82, 369.112, 442.064
540.95, 2757.94, 86.1855, 2388.82, 369.112, 442.064
540.95, 2757.94, 86.1855, 2388.82, 369.112, 442.064
540.95, 2757.99, 86.1872, 2388.98, 369.008, 442.008
540.95, 2757.99, 86.1872, 2388.98, 369.008, 442.008
540.95, 2757.99, 86.1872, 2388.98, 369.008, 442.008
541.952, 2757.99, 86.1872, 2388.98, 369.008, 442.008
541.952, 2757.99, 86.1872, 2388.98, 369.008, 442.008
541.952, 2758.1, 86.1907, 2389.07, 369.032, 441.896
541.952, 2758.1, 86.1907, 2389.07, 369.032, 441.896
541.952, 2758.1, 86.1907, 2389.07, 369.032, 441.896
542.95, 2758.1, 86.1907, 2389.07, 369.032, 441.896
542.95, 2758.1, 86.1907, 2389.07, 369.032, 441.896
542.95, 2758.26, 86.1955, 2389.16, 369.096, 441.744
542.95, 2758.26, 86.1955, 2389.16, 369.096, 441.744
542.95, 2758.26, 86.1955, 2389.16, 369.096, 441.744
543.95, 2758.26, 86.1955, 2389.16, 369.096, 441.744
543.95, 2758.26, 86.1955, 2389.16, 369.096, 441.744
543.95, 2758.75, 86.211, 2389.03, 369.72, 441.248
543.95, 2758.75, 86.211, 2389.03, 369.72, 441.248
543.95, 2758.75, 86.211, 2389.03, 369.72, 441.248
544.952, 2758.75, 86.211, 2389.03, 369.72, 441.248
544.952, 2758.75, 86.211, 2389.03, 369.72, 441.248
544.952, 2759.1, 86.222, 2390.2, 368.904, 440.896
544.952, 2759.1, 86.222, 2390.2, 368.904, 440.896
544.952, 2759.1, 86.222, 2390.2, 368.904, 440.896
545.951, 2759.1, 86.222, 2390.2, 368.904, 440.896
545.951, 2759.1, 86.222, 2390.2, 368.904, 440.896
545.951, 2759.89, 86.2465, 2391.3, 368.592, 440.112
545.951, 2759.89, 86.2465, 2391.3, 368.592, 440.112
545.951, 2759.89, 86.2465, 2391.3, 368.592, 440.112
546.95, 2759.89, 86.2465, 2391.3, 368.592, 440.112
546.95, 2759.89, 86.2465, 2391.3, 368.592, 440.112
546.95, 2760.31, 86.2597, 2391.99, 368.32, 439.688
546.95, 2760.31, 86.2597, 2391.99, 368.32, 439.688
546.95, 2760.31, 86.2597, 2391.99, 368.32, 439.688
547.951, 2760.31, 86.2597, 2391.99, 368.32, 439.688
547.951, 2760.31, 86.2597, 2391.99, 368.32, 439.688
547.951, 2761.37, 86.2927, 2393.1, 368.272, 438.632
547.951, 2761.37, 86.2927, 2393.1, 368.272, 438.632
547.951, 2761.37, 86.2927, 2393.1, 368.272, 438.632
548.95, 2761.37, 86.2927, 2393.1, 368.272, 438.632
548.95, 2761.37, 86.2927, 2393.1, 368.272, 438.632
548.95, 2761.74, 86.3042, 2393.8, 367.936, 438.264
548.95, 2761.74, 86.3042, 2393.8, 367.936, 438.264
548.95, 2761.74, 86.3042, 2393.8, 367.936, 438.264
549.951, 2761.74, 86.3042, 2393.8, 367.936, 438.264
549.951, 2761.74, 86.3042, 2393.8, 367.936, 438.264
549.951, 2761.93, 86.3102, 2393.06, 368.864, 438.072
549.951, 2761.93, 86.3102, 2393.06, 368.864, 438.072
549.951, 2761.93, 86.3102, 2393.06, 368.864, 438.072
550.951, 2761.93, 86.3102, 2393.06, 368.864, 438.072
550.951, 2761.93, 86.3102, 2393.06, 368.864, 438.072
550.951, 2761.99, 86.3122, 2392.94, 369.056, 438.008
550.951, 2761.99, 86.3122, 2392.94, 369.056, 438.008
550.951, 2761.99, 86.3122, 2392.94, 369.056, 438.008
551.951, 2761.99, 86.3122, 2392.94, 369.056, 438.008
551.951, 2761.99, 86.3122, 2392.94, 369.056, 438.008
551.951, 2762.14, 86.3167, 2392.8, 369.336, 437.864
551.951, 2762.14, 86.3167, 2392.8, 369.336, 437.864
551.951, 2762.14, 86.3167, 2392.8, 369.336, 437.864
552.951, 2762.14, 86.3167, 2392.8, 369.336, 437.864
552.951, 2762.14, 86.3167, 2392.8, 369.336, 437.864
552.951, 2762.14, 86.3167, 2394.46, 367.68, 437.864
552.951, 2762.14, 86.3167, 2394.46, 367.68, 437.864
552.951, 2762.14, 86.3167, 2394.46, 367.68, 437.864
553.95, 2762.14, 86.3167, 2394.46, 367.68, 437.864
553.95, 2762.14, 86.3167, 2394.46, 367.68, 437.864
553.95, 2763, 86.3437, 2395.5, 367.504, 437
553.95, 2763, 86.3437, 2395.5, 367.504, 437
553.95, 2763, 86.3437, 2395.5, 367.504, 437
554.951, 2763, 86.3437, 2395.5, 367.504, 437
554.951, 2763, 86.3437, 2395.5, 367.504, 437
554.951, 2764.39, 86.3872, 2397.22, 367.168, 435.608
554.951, 2764.39, 86.3872, 2397.22, 367.168, 435.608
554.951, 2764.39, 86.3872, 2397.22, 367.168, 435.608
555.951, 2764.39, 86.3872, 2397.22, 367.168, 435.608
555.951, 2764.39, 86.3872, 2397.22, 367.168, 435.608
555.951, 2764.96, 86.405, 2398.33, 366.632, 435.04
555.951, 2764.96, 86.405, 2398.33, 366.632, 435.04
555.951, 2764.96, 86.405, 2398.33, 366.632, 435.04
556.95, 2764.96, 86.405, 2398.33, 366.632, 435.04
556.95, 2764.96, 86.405, 2398.33, 366.632, 435.04
556.95, 2765.51, 86.4222, 2399.09, 366.424, 434.488
556.95, 2765.51, 86.4222, 2399.09, 366.424, 434.488
556.95, 2765.51, 86.4222, 2399.09, 366.424, 434.488
557.952, 2765.51, 86.4222, 2399.09, 366.424, 434.488
557.952, 2765.51, 86.4222, 2399.09, 366.424, 434.488
557.952, 2767.75, 86.4922, 2401.47, 366.28, 432.248
557.952, 2767.75, 86.4922, 2401.47, 366.28, 432.248
557.952, 2767.75, 86.4922, 2401.47, 366.28, 432.248
558.951, 2767.75, 86.4922, 2401.47, 366.28, 432.248
558.951, 2767.75, 86.4922, 2401.47, 366.28, 432.248
558.951, 2769.82, 86.557, 2403.63, 366.192, 430.176
558.951, 2769.82, 86.557, 2403.63, 366.192, 430.176
558.951, 2769.82, 86.557, 2403.63, 366.192, 430.176
559.952, 2769.82, 86.557, 2403.63, 366.192, 430.176
559.952, 2769.82, 86.557, 2403.63, 366.192, 430.176
559.952, 2771.23, 86.601, 2404.81, 366.424, 428.768
559.952, 2771.23, 86.601, 2404.81, 366.424, 428.768
559.952, 2771.23, 86.601, 2404.81, 366.424, 428.768
560.951, 2771.23, 86.601, 2404.81, 366.424, 428.768
560.951, 2771.23, 86.601, 2404.81, 366.424, 428.768
560.951, 2774.16, 86.6925, 2408.37, 365.792, 425.84
560.951, 2774.16, 86.6925, 2408.37, 365.792, 425.84
560.951, 2774.16, 86.6925, 2408.37, 365.792, 425.84
561.952, 2774.16, 86.6925, 2408.37, 365.792, 425.84
561.952, 2774.16, 86.6925, 2408.37, 365.792, 425.84
561.952, 2775.61, 86.7377, 2410.63, 364.976, 424.392
561.952, 2775.61, 86.7377, 2410.63, 364.976, 424.392
561.952, 2775.61, 86.7377, 2410.63, 364.976, 424.392
562.951, 2775.61, 86.7377, 2410.63, 364.976, 424.392
562.951, 2775.61, 86.7377, 2410.63, 364.976, 424.392
562.951, 2776.66, 86.7707, 2411.78, 364.88, 423.336
562.951, 2776.66, 86.7707, 2411.78, 364.88, 423.336
562.951, 2776.66, 86.7707, 2411.78, 364.88, 423.336
563.95, 2776.66, 86.7707, 2411.78, 364.88, 423.336
563.95, 2776.66, 86.7707, 2411.78, 364.88, 423.336
563.95, 2776.73, 86.7727, 2412.21, 364.52, 423.272
563.95, 2776.73, 86.7727, 2412.21, 364.52, 423.272
563.95, 2776.73, 86.7727, 2412.21, 364.52, 423.272
564.95, 2776.73, 86.7727, 2412.21, 364.52, 423.272
564.95, 2776.73, 86.7727, 2412.21, 364.52, 423.272
564.95, 2777.14, 86.7857, 2412.28, 364.864, 422.856
564.95, 2777.14, 86.7857, 2412.28, 364.864, 422.856
564.95, 2777.14, 86.7857, 2412.28, 364.864, 422.856
565.951, 2777.14, 86.7857, 2412.28, 364.864, 422.856
565.951, 2777.14, 86.7857, 2412.28, 364.864, 422.856
565.951, 2777.49, 86.7965, 2412.8, 364.688, 422.512
565.951, 2777.49, 86.7965, 2412.8, 364.688, 422.512
565.951, 2777.49, 86.7965, 2412.8, 364.688, 422.512
566.95, 2777.49, 86.7965, 2412.8, 364.688, 422.512
566.95, 2777.49, 86.7965, 2412.8, 364.688, 422.512
566.95, 2777.85, 86.8077, 2413.42, 364.424, 422.152
566.95, 2777.85, 86.8077, 2413.42, 364.424, 422.152
566.95, 2777.85, 86.8077, 2413.42, 364.424, 422.152
567.951, 2777.85, 86.8077, 2413.42, 364.424, 422.152
567.951, 2777.85, 86.8077, 2413.42, 364.424, 422.152
567.951, 2778.26, 86.8207, 2414.09, 364.176, 421.736
567.951, 2778.26, 86.8207, 2414.09, 364.176, 421.736
567.951, 2778.26, 86.8207, 2414.09, 364.176, 421.736
568.95, 2778.26, 86.8207, 2414.09, 364.176, 421.736
568.95, 2778.26, 86.8207, 2414.09, 364.176, 421.736
568.95, 2778.62, 86.832, 2413.89, 364.736, 421.376
568.95, 2778.62, 86.832, 2413.89, 364.736, 421.376
568.95, 2778.62, 86.832, 2413.89, 364.736, 421.376
569.952, 2778.62, 86.832, 2413.89, 364.736, 421.376
569.952, 2778.62, 86.832, 2413.89, 364.736, 421.376
569.952, 2779.1, 86.847, 2414.74, 364.368, 420.896
569.952, 2779.1, 86.847, 2414.74, 364.368, 420.896
569.952, 2779.1, 86.847, 2414.74, 364.368, 420.896
570.952, 2779.1, 86.847, 2414.74, 364.368, 420.896
570.952, 2779.1, 86.847, 2414.74, 364.368, 420.896
570.952, 2780.83, 86.901, 2416.22, 364.616, 419.168
570.952, 2780.83, 86.901, 2416.22, 364.616, 419.168
570.952, 2780.83, 86.901, 2416.22, 364.616, 419.168
571.951, 2780.83, 86.901, 2416.22, 364.616, 419.168
571.951, 2780.83, 86.901, 2416.22, 364.616, 419.168
571.951, 2782, 86.9375, 2417.24, 364.76, 418
571.951, 2782, 86.9375, 2417.24, 364.76, 418
571.951, 2782, 86.9375, 2417.24, 364.76, 418
572.95, 2782, 86.9375, 2417.24, 364.76, 418
572.95, 2782, 86.9375, 2417.24, 364.76, 418
572.95, 2782.38, 86.9495, 2417.36, 365.024, 417.616
572.95, 2782.38, 86.9495, 2417.36, 365.024, 417.616
572.95, 2782.38, 86.9495, 2417.36, 365.024, 417.616
573.952, 2782.38, 86.9495, 2417.36, 365.024, 417.616
573.952, 2782.38, 86.9495, 2417.36, 365.024, 417.616
573.952, 2782.57, 86.9552, 2417.38, 365.184, 417.432
573.952, 2782.57, 86.9552, 2417.38, 365.184, 417.432
573.952, 2782.57, 86.9552, 2417.38, 365.184, 417.432
574.951, 2782.57, 86.9552, 2417.38, 365.184, 417.432
574.951, 2782.57, 86.9552, 2417.38, 365.184, 417.432
574.951, 2782.71, 86.9597, 2418.08, 364.632, 417.288
574.951, 2782.71, 86.9597, 2418.08, 364.632, 417.288
574.951, 2782.71, 86.9597, 2418.08, 364.632, 417.288
575.951, 2782.71, 86.9597, 2418.08, 364.632, 417.288
575.951, 2782.71, 86.9597, 2418.08, 364.632, 417.288
575.951, 2783.06, 86.9705, 2418.31, 364.744, 416.944
575.951, 2783.06, 86.9705, 2418.31, 364.744, 416.944
575.951, 2783.06, 86.9705, 2418.31, 364.744, 416.944
576.951, 2783.06, 86.9705, 2418.31, 364.744, 416.944
576.951, 2783.06, 86.9705, 2418.31, 364.744, 416.944
576.951, 2784.54, 87.017, 2419.62, 364.928, 415.456
576.951, 2784.54, 87.017, 2419.62, 364.928, 415.456
576.951, 2784.54, 87.017, 2419.62, 364.928, 415.456
577.951, 2784.54, 87.017, 2419.62, 364.928, 415.456
577.951, 2784.54, 87.017, 2419.62, 364.928, 415.456
577.951, 2786.27, 87.071, 2421.46, 364.808, 413.728
577.951, 2786.27, 87.071, 2421.46, 364.808, 413.728
577.951, 2786.27, 87.071, 2421.46, 364.808, 413.728
578.95, 2786.27, 87.071, 2421.46, 364.808, 413.728
578.95, 2786.27, 87.071, 2421.46, 364.808, 413.728
578.95, 2787.41, 87.1065, 2422.46, 364.952, 412.592
578.95, 2787.41, 87.1065, 2422.46, 364.952, 412.592
578.95, 2787.41, 87.1065, 2422.46, 364.952, 412.592
579.951, 2787.41, 87.1065, 2422.46, 364.952, 412.592
579.951, 2787.41, 87.1065, 2422.46, 364.952, 412.592
579.951, 2787.85, 87.1202, 2423.82, 364.032, 412.152
579.951, 2787.85, 87.1202, 2423.82, 364.032, 412.152
579.951, 2787.85, 87.1202, 2423.82, 364.032, 412.152
580.95, 2787.85, 87.1202, 2423.82, 364.032, 412.152
580.95, 2787.85, 87.1202, 2423.82, 364.032, 412.152
580.95, 2787.9, 87.1217, 2423.5, 364.392, 412.104
580.95, 2787.9, 87.1217, 2423.5, 364.392, 412.104
580.95, 2787.9, 87.1217, 2423.5, 364.392, 412.104
581.951, 2787.9, 87.1217, 2423.5, 364.392, 412.104
581.951, 2787.9, 87.1217, 2423.5, 364.392, 412.104
581.951, 2788.36, 87.1362, 2423.31, 365.048, 411.64
581.951, 2788.36, 87.1362, 2423.31, 365.048, 411.64
581.951, 2788.36, 87.1362, 2423.31, 365.048, 411.64
582.95, 2788.36, 87.1362, 2423.31, 365.048, 411.64
582.95, 2788.36, 87.1362, 2423.31, 365.048, 411.64
582.95, 2788.66, 87.1457, 2424.14, 364.528, 411.336
582.95, 2788.66, 87.1457, 2424.14, 364.528, 411.336
582.95, 2788.66, 87.1457, 2424.14, 364.528, 411.336
583.951, 2788.66, 87.1457, 2424.14, 364.528, 411.336
583.951, 2788.66, 87.1457, 2424.14, 364.528, 411.336
583.951, 2789.17, 87.1615, 2425.04, 364.128, 410.832
583.951, 2789.17, 87.1615, 2425.04, 364.128, 410.832
583.951, 2789.17, 87.1615, 2425.04, 364.128, 410.832
584.95, 2789.17, 87.1615, 2425.04, 364.128, 410.832
584.95, 2789.17, 87.1615, 2425.04, 364.128, 410.832
584.95, 2789.18, 87.1617, 2424.91, 364.264, 410.824
584.95, 2789.18, 87.1617, 2424.91, 364.264, 410.824
584.95, 2789.18, 87.1617, 2424.91, 364.264, 410.824
585.951, 2789.18, 87.1617, 2424.91, 364.264, 410.824
585.951, 2789.18, 87.1617, 2424.91, 364.264, 410.824
585.951, 2789.39, 87.1685, 2425.42, 363.976, 410.608
585.951, 2789.39, 87.1685, 2425.42, 363.976, 410.608
585.951, 2789.39, 87.1685, 2425.42, 363.976, 410.608
586.951, 2789.39, 87.1685, 2425.42, 363.976, 410.608
586.951, 2789.39, 87.1685, 2425.42, 363.976, 410.608
586.951, 2791.74, 87.242, 2427.46, 364.288, 408.256
586.951, 2791.74, 87.242, 2427.46, 364.288, 408.256
586.951, 2791.74, 87.242, 2427.46, 364.288, 408.256
587.951, 2791.74, 87.242, 2427.46, 364.288, 408.256
587.951, 2791.74, 87.242, 2427.46, 364.288, 408.256
587.951, 2792.96, 87.28, 2429.12, 363.84, 407.04
587.951, 2792.96, 87.28, 2429.12, 363.84, 407.04
587.951, 2792.96, 87.28, 2429.12, 363.84, 407.04
587.951, 2792.96, 87.28, 2429.12, 363.84, 407.04
587.951, 2793.82, 87.307, 2430.65, 363.176, 406.176
587.951, 2793.82, 87.307, 2430.65, 363.176, 406.176
587.951, 2793.82, 87.307, 2430.65, 363.176, 406.176
587.951, 2793.82, 87.307, 2430.65, 363.176, 406.176
587.951, 2794.57, 87.3302, 2431.01, 363.56, 405.432
587.951, 2794.57, 87.3302, 2431.01, 363.56, 405.432
588.015, 2794.57, 87.3302, 2431.01, 363.56, 405.432
588.015, 2794.57, 87.3302, 2431.01, 363.56, 405.432
588.015, 2795.32, 87.3537, 2431.91, 363.408, 404.68
589.017, 2795.32, 87.3537, 2431.91, 363.408, 404.68
589.017, 2795.32, 87.3537, 2431.91, 363.408, 404.68
589.017, 2795.53, 87.3602, 2432.71, 362.816, 404.472
590.015, 2795.53, 87.3602, 2432.71, 362.816, 404.472
590.015, 2795.53, 87.3602, 2432.71, 362.816, 404.472
590.015, 2795.68, 87.365, 2432.59, 363.088, 404.32
591.015, 2795.68, 87.365, 2432.59, 363.088, 404.32
591.015, 2795.68, 87.365, 2432.59, 363.088, 404.32
591.015, 2796.04, 87.3762, 2431.82, 364.216, 403.96
592.015, 2796.04, 87.3762, 2431.82, 364.216, 403.96
592.015, 2796.04, 87.3762, 2431.82, 364.216, 403.96
592.015, 2796.37, 87.3865, 2431.74, 364.632, 403.632
593.016, 2796.37, 87.3865, 2431.74, 364.632, 403.632
593.016, 2796.37, 87.3865, 2431.74, 364.632, 403.632
593.016, 2796.74, 87.398, 2432.27, 364.464, 403.264
594.016, 2796.74, 87.398, 2432.27, 364.464, 403.264
594.016, 2796.74, 87.398, 2432.27, 364.464, 403.264
594.016, 2796.98, 87.4055, 2432.78, 364.192, 403.024
595.015, 2796.98, 87.4055, 2432.78, 364.192, 403.024
595.015, 2796.98, 87.4055, 2432.78, 364.192, 403.024
595.015, 2797.14, 87.4107, 2432.5, 364.64, 402.856
596.015, 2797.14, 87.4107, 2432.5, 364.64, 402.856
596.015, 2797.14, 87.4107, 2432.5, 364.64, 402.856
596.015, 2797.39, 87.4185, 2432.9, 364.496, 402.608
597.018, 2797.39, 87.4185, 2432.9, 364.496, 402.608
597.018, 2797.39, 87.4185, 2432.9, 364.496, 402.608
597.018, 2797.7, 87.4282, 2433.02, 364.68, 402.296
598.018, 2797.7, 87.4282, 2433.02, 364.68, 402.296
598.018, 2797.7, 87.4282, 2433.02, 364.68, 402.296
598.018, 2798.62, 87.457, 2433.69, 364.936, 401.376
599.015, 2798.62, 87.457, 2433.69, 364.936, 401.376
599.015, 2798.62, 87.457, 2433.69, 364.936, 401.376
599.015, 2798.98, 87.4682, 2434.23, 364.752, 401.016
600.016, 2798.98, 87.4682, 2434.23, 364.752, 401.016
600.016, 2798.98, 87.4682, 2434.23, 364.752, 401.016
600.016, 2799.3, 87.478, 2434.3, 364.992, 400.704
601.015, 2799.3, 87.478, 2434.3, 364.992, 400.704
601.015, 2799.3, 87.478, 2434.3, 364.992, 400.704
601.015, 2799.45, 87.4827, 2433.98, 365.464, 400.552
602.015, 2799.45, 87.4827, 2433.98, 365.464, 400.552
602.015, 2799.45, 87.4827, 2433.98, 365.464, 400.552
602.015, 2799.6, 87.4875, 2433.96, 365.64, 400.4
603.017, 2799.6, 87.4875, 2433.96, 365.64, 400.4
603.017, 2799.6, 87.4875, 2433.96, 365.64, 400.4
603.017, 2799.74, 87.4917, 2434.23, 365.504, 400.264
604.015, 2799.74, 87.4917, 2434.23, 365.504, 400.264
604.015, 2799.74, 87.4917, 2434.23, 365.504, 400.264
604.015, 2799.8, 87.4937, 2434.34, 365.464, 400.2
605.015, 2799.8, 87.4937, 2434.34, 365.464, 400.2
605.015, 2799.8, 87.4937, 2434.34, 365.464, 400.2
605.015, 2799.9, 87.4967, 2434.18, 365.72, 400.104
606.016, 2799.9, 87.4967, 2434.18, 365.72, 400.104
606.016, 2799.9, 87.4967, 2434.18, 365.72, 400.104
606.016, 2799.99, 87.4997, 2434, 365.992, 400.008
607.017, 2799.99, 87.4997, 2434, 365.992, 400.008
607.017, 2799.99, 87.4997, 2434, 365.992, 400.008
607.017, 2800.3, 87.5095, 2434.24, 366.064, 399.696
608.016, 2800.3, 87.5095, 2434.24, 366.064, 399.696
608.016, 2800.3, 87.5095, 2434.24, 366.064, 399.696
608.016, 2800.5, 87.5155, 2434.11, 366.384, 399.504
609.015, 2800.5, 87.5155, 2434.11, 366.384, 399.504
609.015, 2800.5, 87.5155, 2434.11, 366.384, 399.504
609.015, 2800.96, 87.53, 2434.29, 366.672, 399.04
610.017, 2800.96, 87.53, 2434.29, 366.672, 399.04
610.017, 2800.96, 87.53, 2434.29, 366.672, 399.04
610.017, 2801.14, 87.5357, 2434.22, 366.92, 398.856
611.015, 2801.14, 87.5357, 2434.22, 366.92, 398.856
611.015, 2801.14, 87.5357, 2434.22, 366.92, 398.856
611.015, 2801.3, 87.5405, 2434.22, 367.072, 398.704
612.018, 2801.3, 87.5405, 2434.22, 367.072, 398.704
612.018, 2801.3, 87.5405, 2434.22, 367.072, 398.704
612.018, 2801.37, 87.5427, 2434.34, 367.032, 398.632
613.015, 2801.37, 87.5427, 2434.34, 367.032, 398.632
613.015, 2801.37, 87.5427, 2434.34, 367.032, 398.632
613.015, 2801.51, 87.5472, 2435.11, 366.4, 398.488
614.015, 2801.51, 87.5472, 2435.11, 366.4, 398.488
614.015, 2801.51, 87.5472, 2435.11, 366.4, 398.488
614.015, 2801.78, 87.5557, 2435.38, 366.408, 398.216
615.015, 2801.78, 87.5557, 2435.38, 366.408, 398.216
615.015, 2801.78, 87.5557, 2435.38, 366.408, 398.216
615.015, 2801.95, 87.561, 2435.85, 366.104, 398.048
616.018, 2801.95, 87.561, 2435.85, 366.104, 398.048
616.018, 2801.95, 87.561, 2435.85, 366.104, 398.048
616.018, 2802.11, 87.566, 2436.23, 365.88, 397.888
617.015, 2802.11, 87.566, 2436.23, 365.88, 397.888
617.015, 2802.11, 87.566, 2436.23, 365.88, 397.888
617.015, 2802.3, 87.5717, 2436.4, 365.896, 397.704
618.017, 2802.3, 87.5717, 2436.4, 365.896, 397.704
618.017, 2802.52, 87.5787, 2436.69, 365.832, 397.48
619.015, 2802.52, 87.5787, 2436.69, 365.832, 397.48
619.015, 2802.62, 87.5817, 2436.68, 365.936, 397.384
620.016, 2802.62, 87.5817, 2436.68, 365.936, 397.384
620.016, 2802.76, 87.5862, 2436.36, 366.4, 397.24
621.016, 2802.76, 87.5862, 2436.36, 366.4, 397.24
621.016, 2802.86, 87.5895, 2436.29, 366.576, 397.136
622.015, 2802.86, 87.5895, 2436.29, 366.576, 397.136
622.015, 2802.98, 87.5932, 2436.18, 366.808, 397.016
623.015, 2802.98, 87.5932, 2436.18, 366.808, 397.016
623.015, 2803.06, 87.5955, 2436.07, 366.984, 396.944
624.017, 2803.06, 87.5955, 2436.07, 366.984, 396.944
624.017, 2803.14, 87.5982, 2435.97, 367.176, 396.856
625.016, 2803.14, 87.5982, 2435.97, 367.176, 396.856
625.016, 2803.32, 87.6037, 2435.91, 367.408, 396.68
626.015, 2803.32, 87.6037, 2435.91, 367.408, 396.68
626.015, 2803.49, 87.609, 2435.83, 367.656, 396.512
627.015, 2803.49, 87.609, 2435.83, 367.656, 396.512
627.015, 2803.65, 87.614, 2435.7, 367.952, 396.352
628.016, 2803.65, 87.614, 2435.7, 367.952, 396.352
628.016, 2803.82, 87.6192, 2435.7, 368.12, 396.184
629.015, 2803.82, 87.6192, 2435.7, 368.12, 396.184
629.015, 2804.02, 87.6257, 2435.72, 368.304, 395.976
630.015, 2804.02, 87.6257, 2435.72, 368.304, 395.976
630.015, 2804.09, 87.6277, 2435.74, 368.344, 395.912
631.017, 2804.09, 87.6277, 2435.74, 368.344, 395.912
631.017, 2804.11, 87.6285, 2435.82, 368.288, 395.888
632.016, 2804.11, 87.6285, 2435.82, 368.288, 395.888
632.016, 2804.14, 87.6295, 2435.9, 368.24, 395.856
633.017, 2804.14, 87.6295, 2435.9, 368.24, 395.856
633.017, 2804.18, 87.6305, 2435.8, 368.376, 395.824
634.017, 2804.18, 87.6305, 2435.8, 368.376, 395.824
634.017, 2804.26, 87.633, 2435.83, 368.424, 395.744
635.015, 2804.26, 87.633, 2435.83, 368.424, 395.744
635.015, 2804.42, 87.6382, 2436.02, 368.408, 395.576
636.017, 2804.42, 87.6382, 2436.02, 368.408, 395.576
636.017, 2804.61, 87.644, 2436.18, 368.424, 395.392
637.016, 2804.61, 87.644, 2436.18, 368.424, 395.392
637.016, 2804.84, 87.6512, 2436.36, 368.48, 395.16
638.015, 2804.84, 87.6512, 2436.36, 368.48, 395.16
638.015, 2805.06, 87.658, 2436.4, 368.656, 394.944
639.016, 2805.06, 87.658, 2436.4, 368.656, 394.944
639.016, 2805.3, 87.6655, 2436.57, 368.728, 394.704
640.015, 2805.3, 87.6655, 2436.57, 368.728, 394.704
640.015, 2805.6, 87.675, 2436.66, 368.936, 394.4
641.017, 2805.6, 87.675, 2436.66, 368.936, 394.4
641.017, 2805.89, 87.684, 2436.69, 369.2, 394.112
642.017, 2805.89, 87.684, 2436.69, 369.2, 394.112
642.017, 2806.06, 87.6895, 2436.74, 369.328, 393.936
643.018, 2806.06, 87.6895, 2436.74, 369.328, 393.936
643.018, 2806.29, 87.6965, 2436.82, 369.464, 393.712
644.016, 2806.29, 87.6965, 2436.82, 369.464, 393.712
644.016, 2806.36, 87.6987, 2436.78, 369.576, 393.64
645.015, 2806.36, 87.6987, 2436.78, 369.576, 393.64
645.015, 2806.36, 87.6987, 2436.75, 369.608, 393.64
646.015, 2806.36, 87.6987, 2436.75, 369.608, 393.64
646.015, 2806.37, 87.699, 2436.69, 369.68, 393.632
647.016, 2806.37, 87.699, 2436.69, 369.68, 393.632
647.016, 2806.39, 87.6997, 2436.61, 369.784, 393.608
648.017, 2806.39, 87.6997, 2436.61, 369.784, 393.608
648.017, 2806.5, 87.7032, 2436.84, 369.664, 393.496
649.016, 2806.5, 87.7032, 2436.84, 369.664, 393.496
649.016, 2806.55, 87.7047, 2436.82, 369.736, 393.448
650.017, 2806.55, 87.7047, 2436.82, 369.736, 393.448
650.017, 2806.55, 87.7047, 2436.7, 369.848, 393.448
651.017, 2806.55, 87.7047, 2436.7, 369.848, 393.448
651.017, 2806.57, 87.7052, 2436.59, 369.976, 393.432
652.016, 2806.57, 87.7052, 2436.59, 369.976, 393.432
652.016, 2806.58, 87.7055, 2436.49, 370.088, 393.424
653.015, 2806.58, 87.7055, 2436.49, 370.088, 393.424
653.015, 2806.62, 87.707, 2436.45, 370.176, 393.376
654.017, 2806.62, 87.707, 2436.45, 370.176, 393.376
654.017, 2806.66, 87.7082, 2436.36, 370.304, 393.336
655.015, 2806.66, 87.7082, 2436.36, 370.304, 393.336
655.015, 2806.74, 87.7105, 2436.22, 370.512, 393.264
656.016, 2806.74, 87.7105, 2436.22, 370.512, 393.264
656.016, 2806.78, 87.7117, 2436.16, 370.616, 393.224
657.017, 2806.78, 87.7117, 2436.16, 370.616, 393.224
657.017, 2806.8, 87.7125, 2436.1, 370.696, 393.2
658.016, 2806.8, 87.7125, 2436.1, 370.696, 393.2
658.016, 2806.8, 87.7125, 2435.96, 370.84, 393.2
659.015, 2806.8, 87.7125, 2435.96, 370.84, 393.2
659.015, 2806.82, 87.7132, 2435.98, 370.848, 393.176
660.017, 2806.82, 87.7132, 2435.98, 370.848, 393.176
660.017, 2806.84, 87.7137, 2435.96, 370.88, 393.16
661.017, 2806.84, 87.7137, 2435.96, 370.88, 393.16
661.017, 2806.86, 87.7145, 2435.93, 370.936, 393.136
662.016, 2806.86, 87.7145, 2435.93, 370.936, 393.136
662.016, 2806.9, 87.7155, 2435.69, 371.208, 393.104
663.015, 2806.9, 87.7155, 2435.69, 371.208, 393.104
663.015, 2806.96, 87.7175, 2435.5, 371.456, 393.04
664.015, 2806.96, 87.7175, 2435.5, 371.456, 393.04
664.015, 2807.1, 87.722, 2435.61, 371.496, 392.896
665.017, 2807.1, 87.722, 2435.61, 371.496, 392.896
665.017, 2807.19, 87.7247, 2435.76, 371.432, 392.808
666.017, 2807.19, 87.7247, 2435.76, 371.432, 392.808
666.017, 2807.39, 87.731, 2435.97, 371.424, 392.608
667.016, 2807.39, 87.731, 2435.97, 371.424, 392.608
667.016, 2807.47, 87.7335, 2435.82, 371.656, 392.528
668.015, 2807.47, 87.7335, 2435.82, 371.656, 392.528
668.015, 2807.54, 87.7355, 2435.74, 371.792, 392.464
669.017, 2807.54, 87.7355, 2435.74, 371.792, 392.464
669.017, 2807.6, 87.7375, 2435.36, 372.24, 392.4
670.017, 2807.6, 87.7375, 2435.36, 372.24, 392.4
670.017, 2807.6, 87.7375, 2434.86, 372.736, 392.4
671.016, 2807.6, 87.7375, 2434.86, 372.736, 392.4
671.016, 2807.62, 87.738, 2434.86, 372.76, 392.384
672.017, 2807.62, 87.738, 2434.86, 372.76, 392.384
672.017, 2807.63, 87.7385, 2434.64, 372.992, 392.368
673.016, 2807.63, 87.7385, 2434.64, 372.992, 392.368
673.016, 2807.66, 87.7392, 2434.34, 373.32, 392.344
674.015, 2807.66, 87.7392, 2434.34, 373.32, 392.344
674.015, 2807.66, 87.7392, 2434.14, 373.512, 392.344
675.015, 2807.66, 87.7392, 2434.14, 373.512, 392.344
675.015, 2807.67, 87.7397, 2433.94, 373.736, 392.328
676.015, 2807.67, 87.7397, 2433.94, 373.736, 392.328
676.015, 2807.68, 87.74, 2433.49, 374.192, 392.32
677.015, 2807.68, 87.74, 2433.49, 374.192, 392.32
677.015, 2807.69, 87.7402, 2433.38, 374.312, 392.312
678.016, 2807.69, 87.7402, 2433.38, 374.312, 392.312
678.016, 2807.69, 87.7402, 2433.26, 374.432, 392.312
679.017, 2807.69, 87.7402, 2433.26, 374.432, 392.312
679.017, 2807.69, 87.7402, 2433.19, 374.496, 392.312
680.016, 2807.69, 87.7402, 2433.19, 374.496, 392.312
680.016, 2807.69, 87.7402, 2433.33, 374.36, 392.312
681.018, 2807.69, 87.7402, 2433.33, 374.36, 392.312
681.018, 2807.72, 87.7412, 2433.3, 374.416, 392.28
682.015, 2807.72, 87.7412, 2433.3, 374.416, 392.28
682.015, 2807.74, 87.7417, 2433.22, 374.52, 392.264
683.018, 2807.74, 87.7417, 2433.22, 374.52, 392.264
683.018, 2807.75, 87.7422, 2433.22, 374.536, 392.248
684.017, 2807.75, 87.7422, 2433.22, 374.536, 392.248
684.017, 2807.76, 87.7425, 2433.16, 374.6, 392.24
685.016, 2807.76, 87.7425, 2433.16, 374.6, 392.24
685.016, 2807.78, 87.743, 2433.14, 374.64, 392.224
686.016, 2807.78, 87.743, 2433.14, 374.64, 392.224
686.016, 2807.78, 87.7432, 2433.15, 374.632, 392.216
687.015, 2807.78, 87.7432, 2433.15, 374.632, 392.216
687.015, 2807.81, 87.744, 2433.18, 374.624, 392.192
688.017, 2807.81, 87.744, 2433.18, 374.624, 392.192
688.017, 2807.82, 87.7442, 2433.24, 374.576, 392.184
689.015, 2807.82, 87.7442, 2433.24, 374.576, 392.184
689.015, 2807.85, 87.7452, 2433.26, 374.592, 392.152
690.015, 2807.85, 87.7452, 2433.26, 374.592, 392.152
690.015, 2807.85, 87.7452, 2433.29, 374.56, 392.152
691.016, 2807.85, 87.7452, 2433.29, 374.56, 392.152
691.016, 2807.85, 87.7452, 2433.3, 374.544, 392.152
692.015, 2807.85, 87.7452, 2433.3, 374.544, 392.152
692.015, 2807.85, 87.7452, 2433.21, 374.64, 392.152
693.016, 2807.85, 87.7452, 2433.21, 374.64, 392.152
693.016, 2807.85, 87.7452, 2433.17, 374.68, 392.152
694.017, 2807.85, 87.7452, 2433.17, 374.68, 392.152
694.017, 2807.85, 87.7452, 2433.17, 374.68, 392.152
695.016, 2807.85, 87.7452, 2433.17, 374.68, 392.152
695.016, 2807.85, 87.7452, 2433.17, 374.68, 392.152
696.016, 2807.85, 87.7452, 2433.17, 374.68, 392.152
696.016, 2807.85, 87.7452, 2433.17, 374.68, 392.152
697.015, 2807.85, 87.7452, 2433.17, 374.68, 392.152
697.015, 2807.85, 87.7452, 2433.17, 374.68, 392.152
698.017, 2807.85, 87.7452, 2433.17, 374.68, 392.152
698.017, 2807.85, 87.7452, 2433.17, 374.68, 392.152
699.016, 2807.85, 87.7452, 2433.17, 374.68, 392.152
699.016, 2807.85, 87.7452, 2433.17, 374.68, 392.152
700.015, 2807.85, 87.7452, 2433.17, 374.68, 392.152
700.015, 2807.85, 87.7452, 2433.17, 374.68, 392.152
701.016, 2807.85, 87.7452, 2433.17, 374.68, 392.152
701.016, 2807.85, 87.7452, 2433.17, 374.68, 392.152
702.016, 2807.85, 87.7452, 2433.17, 374.68, 392.152
702.016, 2807.85, 87.7452, 2433.17, 374.68, 392.152
703.017, 2807.85, 87.7452, 2433.17, 374.68, 392.152
703.017, 2807.85, 87.7452, 2433.21, 374.64, 392.152
704.017, 2807.85, 87.7452, 2433.21, 374.64, 392.152
704.017, 2807.85, 87.7452, 2433.17, 374.68, 392.152
705.018, 2807.85, 87.7452, 2433.17, 374.68, 392.152
705.018, 2807.85, 87.7452, 2433.09, 374.76, 392.152
706.017, 2807.85, 87.7452, 2433.09, 374.76, 392.152
706.017, 2807.85, 87.7452, 2433.03, 374.816, 392.152
707.017, 2807.85, 87.7452, 2433.03, 374.816, 392.152
707.017, 2807.85, 87.7452, 2433.14, 374.704, 392.152
708.015, 2807.85, 87.7452, 2433.14, 374.704, 392.152
708.015, 2807.86, 87.7455, 2433.29, 374.568, 392.144
709.016, 2807.86, 87.7455, 2433.29, 374.568, 392.144
709.016, 2807.86, 87.7455, 2433.18, 374.672, 392.144
710.016, 2807.86, 87.7455, 2433.18, 374.672, 392.144
710.016, 2807.86, 87.7455, 2432.96, 374.896, 392.144
711.016, 2807.86, 87.7455, 2432.96, 374.896, 392.144
711.016, 2807.86, 87.7455, 2432.82, 375.032, 392.144
712.015, 2807.86, 87.7455, 2432.82, 375.032, 392.144
712.015, 2807.86, 87.7455, 2432.7, 375.152, 392.144
713.015, 2807.86, 87.7455, 2432.7, 375.152, 392.144
713.015, 2807.86, 87.7455, 2432.51, 375.344, 392.144
714.015, 2807.86, 87.7455, 2432.51, 375.344, 392.144
714.015, 2807.86, 87.7455, 2432.5, 375.352, 392.144
715.015, 2807.86, 87.7455, 2432.5, 375.352, 392.144
715.015, 2807.86, 87.7455, 2432.46, 375.392, 392.144
716.015, 2807.86, 87.7455, 2432.46, 375.392, 392.144
716.015, 2807.86, 87.7455, 2432.4, 375.456, 392.144
717.017, 2807.86, 87.7455, 2432.4, 375.456, 392.144
717.017, 2807.86, 87.7455, 2432.42, 375.44, 392.144
718.017, 2807.86, 87.7455, 2432.42, 375.44, 392.144
718.017, 2807.86, 87.7457, 2432.45, 375.416, 392.136
719.016, 2807.86, 87.7457, 2432.45, 375.416, 392.136
719.016, 2807.86, 87.7457, 2432.45, 375.416, 392.136
720.017, 2807.86, 87.7457, 2432.45, 375.416, 392.136
720.017, 2807.86, 87.7457, 2432.39, 375.472, 392.136
721.016, 2807.86, 87.7457, 2432.39, 375.472, 392.136
721.016, 2807.86, 87.7457, 2432.34, 375.52, 392.136
722.02, 2807.86, 87.7457, 2432.34, 375.52, 392.136
722.02, 2807.86, 87.7457, 2432.3, 375.56, 392.136
723.016, 2807.86, 87.7457, 2432.3, 375.56, 392.136
723.016, 2807.88, 87.7462, 2432.29, 375.592, 392.12
724.015, 2807.88, 87.7462, 2432.29, 375.592, 392.12
724.015, 2807.88, 87.7462, 2432.38, 375.496, 392.12
725.016, 2807.88, 87.7462, 2432.38, 375.496, 392.12
725.016, 2807.88, 87.7462, 2432.4, 375.48, 392.12
726.015, 2807.88, 87.7462, 2432.4, 375.48, 392.12
726.015, 2807.88, 87.7462, 2432.4, 375.48, 392.12
727.015, 2807.88, 87.7462, 2432.4, 375.48, 392.12
727.015, 2807.88, 87.7462, 2432.4, 375.48, 392.12
728.015, 2807.88, 87.7462, 2432.4, 375.48, 392.12
728.015, 2807.88, 87.7462, 2432.4, 375.48, 392.12
729.015, 2807.88, 87.7462, 2432.4, 375.48, 392.12
729.015, 2807.88, 87.7462, 2432.4, 375.48, 392.12
730.017, 2807.88, 87.7462, 2432.4, 375.48, 392.12
730.017, 2807.88, 87.7462, 2432.4, 375.48, 392.12
731.016, 2807.88, 87.7462, 2432.4, 375.48, 392.12
731.016, 2807.88, 87.7462, 2432.4, 375.48, 392.12
732.015, 2807.88, 87.7462, 2432.4, 375.48, 392.12
732.015, 2807.88, 87.7462, 2432.4, 375.48, 392.12
733.018, 2807.88, 87.7462, 2432.4, 375.48, 392.12
733.018, 2807.88, 87.7462, 2432.4, 375.48, 392.12
734.017, 2807.88, 87.7462, 2432.4, 375.48, 392.12
734.017, 2807.88, 87.7462, 2432.4, 375.48, 392.12
735.015, 2807.88, 87.7462, 2432.4, 375.48, 392.12
735.015, 2807.88, 87.7462, 2432.4, 375.48, 392.12
736.015, 2807.88, 87.7462, 2432.4, 375.48, 392.12
736.015, 2807.88, 87.7462, 2432.4, 375.48, 392.12
737.015, 2807.88, 87.7462, 2432.4, 375.48, 392.12
737.015, 2807.88, 87.7462, 2432.4, 375.48, 392.12
738.015, 2807.88, 87.7462, 2432.4, 375.48, 392.12
738.015, 2807.88, 87.7462, 2432.4, 375.48, 392.12
739.016, 2807.88, 87.7462, 2432.4, 375.48, 392.12
739.016, 2807.88, 87.7462, 2432.44, 375.44, 392.12
740.017, 2807.88, 87.7462, 2432.44, 375.44, 392.12
740.017, 2807.89, 87.7465, 2432.49, 375.4, 392.112
741.015, 2807.89, 87.7465, 2432.49, 375.4, 392.112
741.015, 2807.9, 87.747, 2432.51, 375.392, 392.096
742.015, 2807.9, 87.747, 2432.51, 375.392, 392.096
742.015, 2807.91, 87.7472, 2432.4, 375.512, 392.088
743.016, 2807.91, 87.7472, 2432.4, 375.512, 392.088
743.016, 2807.93, 87.7477, 2432.22, 375.704, 392.072
744.017, 2807.93, 87.7477, 2432.22, 375.704, 392.072
744.017, 2807.98, 87.7495, 2432.12, 375.864, 392.016
745.017, 2807.98, 87.7495, 2432.12, 375.864, 392.016
745.017, 2807.99, 87.7497, 2432.04, 375.952, 392.008
746.016, 2807.99, 87.7497, 2432.04, 375.952, 392.008
746.016, 2808, 87.75, 2431.85, 376.152, 392
747.015, 2808, 87.75, 2431.85, 376.152, 392
747.015, 2808.02, 87.7507, 2431.7, 376.32, 391.976
748.015, 2808.02, 87.7507, 2431.7, 376.32, 391.976
748.015, 2808.02, 87.7507, 2431.62, 376.4, 391.976
749.017, 2808.02, 87.7507, 2431.62, 376.4, 391.976
749.017, 2808.02, 87.7507, 2431.54, 376.48, 391.976
750.015, 2808.02, 87.7507, 2431.54, 376.48, 391.976
750.015, 2808.02, 87.7507, 2431.42, 376.608, 391.976
751.015, 2808.02, 87.7507, 2431.42, 376.608, 391.976
751.015, 2808.03, 87.751, 2431.43, 376.6, 391.968
752.016, 2808.03, 87.751, 2431.43, 376.6, 391.968
752.016, 2808.03, 87.751, 2431.37, 376.664, 391.968
753.015, 2808.03, 87.751, 2431.37, 376.664, 391.968
753.015, 2808.03, 87.751, 2431.36, 376.672, 391.968
754.016, 2808.03, 87.751, 2431.36, 376.672, 391.968
754.016, 2808.03, 87.751, 2431.36, 376.672, 391.968
755.015, 2808.03, 87.751, 2431.36, 376.672, 391.968
755.015, 2808.03, 87.751, 2431.36, 376.672, 391.968
756.015, 2808.03, 87.751, 2431.36, 376.672, 391.968
756.015, 2808.03, 87.751, 2431.36, 376.672, 391.968
757.015, 2808.03, 87.751, 2431.36, 376.672, 391.968
757.015, 2808.03, 87.751, 2431.36, 376.672, 391.968
758.015, 2808.03, 87.751, 2431.36, 376.672, 391.968
758.015, 2808.03, 87.751, 2431.36, 376.672, 391.968
759.016, 2808.03, 87.751, 2431.36, 376.672, 391.968
759.016, 2808.03, 87.751, 2431.4, 376.632, 391.968
760.015, 2808.03, 87.751, 2431.4, 376.632, 391.968
760.015, 2808.03, 87.751, 2431.45, 376.584, 391.968
761.015, 2808.03, 87.751, 2431.45, 376.584, 391.968
761.015, 2808.03, 87.751, 2431.46, 376.576, 391.968
762.017, 2808.03, 87.751, 2431.46, 376.576, 391.968
762.017, 2808.03, 87.751, 2431.4, 376.632, 391.968
763.015, 2808.03, 87.751, 2431.4, 376.632, 391.968
763.015, 2808.03, 87.751, 2431.41, 376.624, 391.968
764.015, 2808.03, 87.751, 2431.41, 376.624, 391.968
764.015, 2808.03, 87.751, 2431.46, 376.568, 391.968
765.015, 2808.03, 87.751, 2431.46, 376.568, 391.968
765.015, 2808.03, 87.751, 2431.66, 376.376, 391.968
766.015, 2808.03, 87.751, 2431.66, 376.376, 391.968
766.015, 2808.03, 87.751, 2431.78, 376.256, 391.968
767.016, 2808.03, 87.751, 2431.78, 376.256, 391.968
767.016, 2808.03, 87.751, 2431.74, 376.288, 391.968
768.016, 2808.03, 87.751, 2431.74, 376.288, 391.968
768.016, 2808.03, 87.751, 2431.91, 376.12, 391.968
769.016, 2808.03, 87.751, 2431.91, 376.12, 391.968
769.016, 2808.04, 87.7512, 2431.9, 376.136, 391.96
770.015, 2808.04, 87.7512, 2431.9, 376.136, 391.96
770.015, 2808.04, 87.7512, 2431.99, 376.048, 391.96
771.015, 2808.04, 87.7512, 2431.99, 376.048, 391.96
771.015, 2808.04, 87.7512, 2432, 376.04, 391.96
772.015, 2808.04, 87.7512, 2432, 376.04, 391.96
772.015, 2808.04, 87.7512, 2432.15, 375.888, 391.96
773.016, 2808.04, 87.7512, 2432.15, 375.888, 391.96
773.016, 2808.04, 87.7512, 2432.14, 375.896, 391.96
774.015, 2808.04, 87.7512, 2432.14, 375.896, 391.96
774.015, 2808.04, 87.7512, 2432.17, 375.872, 391.96
775.019, 2808.04, 87.7512, 2432.17, 375.872, 391.96
775.019, 2808.04, 87.7512, 2432.25, 375.792, 391.96
776.015, 2808.04, 87.7512, 2432.25, 375.792, 391.96
776.015, 2808.04, 87.7512, 2432.26, 375.784, 391.96
777.018, 2808.04, 87.7512, 2432.26, 375.784, 391.96
777.018, 2808.04, 87.7512, 2432.42, 375.624, 391.96
778.015, 2808.04, 87.7512, 2432.42, 375.624, 391.96
778.015, 2808.04, 87.7512, 2432.46, 375.576, 391.96
779.016, 2808.04, 87.7512, 2432.46, 375.576, 391.96
779.016, 2808.05, 87.7515, 2432.5, 375.544, 391.952
780.016, 2808.05, 87.7515, 2432.5, 375.544, 391.952
780.016, 2808.05, 87.7515, 2432.51, 375.536, 391.952
781.015, 2808.05, 87.7515, 2432.51, 375.536, 391.952
781.015, 2808.05, 87.7515, 2432.74, 375.312, 391.952
782.015, 2808.05, 87.7515, 2432.74, 375.312, 391.952
782.015, 2808.05, 87.7515, 2432.79, 375.256, 391.952
783.015, 2808.05, 87.7515, 2432.79, 375.256, 391.952
783.015, 2808.05, 87.7515, 2432.86, 375.192, 391.952
784.015, 2808.05, 87.7515, 2432.86, 375.192, 391.952
784.015, 2808.05, 87.7515, 2432.98, 375.072, 391.952
785.018, 2808.05, 87.7515, 2432.98, 375.072, 391.952
785.018, 2808.05, 87.7515, 2433.23, 374.816, 391.952
786.017, 2808.05, 87.7515, 2433.23, 374.816, 391.952
786.017, 2808.05, 87.7515, 2433.3, 374.744, 391.952
787.015, 2808.05, 87.7515, 2433.3, 374.744, 391.952
787.015, 2808.05, 87.7515, 2433.58, 374.464, 391.952
788.015, 2808.05, 87.7515, 2433.58, 374.464, 391.952
788.015, 2808.05, 87.7515, 2433.55, 374.496, 391.952
789.015, 2808.05, 87.7515, 2433.55, 374.496, 391.952
789.015, 2808.06, 87.7517, 2433.74, 374.32, 391.944
790.015, 2808.06, 87.7517, 2433.74, 374.32, 391.944
790.015, 2808.06, 87.7517, 2433.82, 374.232, 391.944
791.016, 2808.06, 87.7517, 2433.82, 374.232, 391.944
791.016, 2808.06, 87.7517, 2433.74, 374.312, 391.944
792.018, 2808.06, 87.7517, 2433.74, 374.312, 391.944
792.018, 2808.06, 87.7517, 2433.6, 374.456, 391.944
793.018, 2808.06, 87.7517, 2433.6, 374.456, 391.944
793.018, 2808.06, 87.752, 2433.67, 374.392, 391.936
794.016, 2808.06, 87.752, 2433.67, 374.392, 391.936
794.016, 2808.06, 87.752, 2433.82, 374.248, 391.936
795.015, 2808.06, 87.752, 2433.82, 374.248, 391.936
795.015, 2808.07, 87.7522, 2433.86, 374.208, 391.928
796.016, 2808.07, 87.7522, 2433.86, 374.208, 391.928
796.016, 2808.07, 87.7522, 2433.9, 374.176, 391.928
797.015, 2808.07, 87.7522, 2433.9, 374.176, 391.928
797.015, 2808.07, 87.7522, 2433.96, 374.112, 391.928
798.019, 2808.07, 87.7522, 2433.96, 374.112, 391.928
798.019, 2808.07, 87.7522, 2434.1, 373.976, 391.928
799.016, 2808.07, 87.7522, 2434.1, 373.976, 391.928
799.016, 2808.07, 87.7522, 2434.06, 374.008, 391.928
800.015, 2808.07, 87.7522, 2434.06, 374.008, 391.928
800.015, 2808.07, 87.7522, 2433.79, 374.28, 391.928
801.016, 2808.07, 87.7522, 2433.79, 374.28, 391.928
801.016, 2808.07, 87.7522, 2433.8, 374.272, 391.928
802.015, 2808.07, 87.7522, 2433.8, 374.272, 391.928
802.015, 2808.07, 87.7522, 2433.8, 374.272, 391.928
803.017, 2808.07, 87.7522, 2433.8, 374.272, 391.928
803.017, 2808.07, 87.7522, 2433.78, 374.296, 391.928
804.015, 2808.07, 87.7522, 2433.78, 374.296, 391.928
804.015, 2808.07, 87.7522, 2433.62, 374.456, 391.928
805.016, 2808.07, 87.7522, 2433.62, 374.456, 391.928
805.016, 2808.07, 87.7522, 2433.49, 374.584, 391.928
806.017, 2808.07, 87.7522, 2433.49, 374.584, 391.928
806.017, 2808.07, 87.7522, 2433.36, 374.712, 391.928
807.017, 2808.07, 87.7522, 2433.36, 374.712, 391.928
807.017, 2808.07, 87.7522, 2433.36, 374.712, 391.928
808.016, 2808.07, 87.7522, 2433.36, 374.712, 391.928
808.016, 2808.07, 87.7522, 2433.26, 374.808, 391.928
809.017, 2808.07, 87.7522, 2433.26, 374.808, 391.928
809.017, 2808.07, 87.7522, 2433.14, 374.936, 391.928
810.017, 2808.07, 87.7522, 2433.14, 374.936, 391.928
810.017, 2808.07, 87.7522, 2432.98, 375.096, 391.928
811.015, 2808.07, 87.7522, 2432.98, 375.096, 391.928
811.015, 2808.07, 87.7522, 2432.87, 375.2, 391.928
812.017, 2808.07, 87.7522, 2432.87, 375.2, 391.928
812.017, 2808.07, 87.7522, 2433, 375.072, 391.928
813.015, 2808.07, 87.7522, 2433, 375.072, 391.928
813.015, 2808.07, 87.7522, 2433.09, 374.984, 391.928
814.015, 2808.07, 87.7522, 2433.09, 374.984, 391.928
814.015, 2808.07, 87.7522, 2433.32, 374.752, 391.928
815.015, 2808.07, 87.7522, 2433.32, 374.752, 391.928
815.015, 2808.07, 87.7522, 2433.34, 374.736, 391.928
816.017, 2808.07, 87.7522, 2433.34, 374.736, 391.928
816.017, 2808.07, 87.7522, 2433.33, 374.744, 391.928
817.015, 2808.07, 87.7522, 2433.33, 374.744, 391.928
817.015, 2808.07, 87.7522, 2433.26, 374.808, 391.928
818.015, 2808.07, 87.7522, 2433.26, 374.808, 391.928
818.015, 2808.07, 87.7522, 2433.4, 374.672, 391.928
819.015, 2808.07, 87.7522, 2433.4, 374.672, 391.928
819.015, 2808.07, 87.7522, 2433.5, 374.576, 391.928
820.017, 2808.07, 87.7522, 2433.5, 374.576, 391.928
820.017, 2808.07, 87.7522, 2433.49, 374.584, 391.928
821.017, 2808.07, 87.7522, 2433.49, 374.584, 391.928
821.017, 2808.07, 87.7522, 2433.37, 374.704, 391.928
822.015, 2808.07, 87.7522, 2433.37, 374.704, 391.928
822.015, 2808.07, 87.7522, 2433.48, 374.592, 391.928
823.016, 2808.07, 87.7522, 2433.48, 374.592, 391.928
823.016, 2808.07, 87.7522, 2433.5, 374.568, 391.928
824.015, 2808.07, 87.7522, 2433.5, 374.568, 391.928
824.015, 2808.07, 87.7522, 2433.46, 374.608, 391.928
825.016, 2808.07, 87.7522, 2433.46, 374.608, 391.928
825.016, 2808.07, 87.7522, 2433.47, 374.6, 391.928
826.015, 2808.07, 87.7522, 2433.47, 374.6, 391.928
826.015, 2808.07, 87.7522, 2433.38, 374.688, 391.928
827.015, 2808.07, 87.7522, 2433.38, 374.688, 391.928
827.015, 2808.07, 87.7522, 2433.38, 374.696, 391.928
828.015, 2808.07, 87.7522, 2433.38, 374.696, 391.928
828.015, 2808.07, 87.7522, 2433.38, 374.688, 391.928
829.016, 2808.07, 87.7522, 2433.38, 374.688, 391.928
829.016, 2808.07, 87.7522, 2433.44, 374.632, 391.928
830.017, 2808.07, 87.7522, 2433.44, 374.632, 391.928
830.017, 2808.07, 87.7522, 2433.58, 374.496, 391.928
831.015, 2808.07, 87.7522, 2433.58, 374.496, 391.928
831.015, 2808.07, 87.7522, 2433.57, 374.504, 391.928
832.016, 2808.07, 87.7522, 2433.57, 374.504, 391.928
832.016, 2808.07, 87.7522, 2433.53, 374.544, 391.928
833.016, 2808.07, 87.7522, 2433.53, 374.544, 391.928
833.016, 2808.07, 87.7522, 2433.5, 374.576, 391.928
834.017, 2808.07, 87.7522, 2433.5, 374.576, 391.928
834.017, 2808.07, 87.7522, 2433.39, 374.68, 391.928
835.015, 2808.07, 87.7522, 2433.39, 374.68, 391.928
835.015, 2808.07, 87.7522, 2433.3, 374.776, 391.928
836.016, 2808.07, 87.7522, 2433.3, 374.776, 391.928
836.016, 2808.08, 87.7525, 2433.21, 374.872, 391.92
837.015, 2808.08, 87.7525, 2433.21, 374.872, 391.92
837.015, 2808.08, 87.7525, 2433.1, 374.976, 391.92
838.015, 2808.08, 87.7525, 2433.1, 374.976, 391.92
838.015, 2808.08, 87.7525, 2433.08, 375, 391.92
839.015, 2808.08, 87.7525, 2433.08, 375, 391.92
839.015, 2808.08, 87.7525, 2433.02, 375.056, 391.92
840.015, 2808.08, 87.7525, 2433.02, 375.056, 391.92
840.015, 2808.08, 87.7525, 2432.88, 375.2, 391.92
841.016, 2808.08, 87.7525, 2432.88, 375.2, 391.92
841.016, 2808.08, 87.7525, 2432.86, 375.224, 391.92
842.015, 2808.08, 87.7525, 2432.86, 375.224, 391.92
842.015, 2808.08, 87.7525, 2432.83, 375.248, 391.92
843.017, 2808.08, 87.7525, 2432.83, 375.248, 391.92
843.017, 2808.08, 87.7525, 2432.76, 375.32, 391.92
844.015, 2808.08, 87.7525, 2432.76, 375.32, 391.92
844.015, 2808.08, 87.7525, 2432.56, 375.52, 391.92
845.015, 2808.08, 87.7525, 2432.56, 375.52, 391.92
845.015, 2808.08, 87.7525, 2432.5, 375.576, 391.92
846.016, 2808.08, 87.7525, 2432.5, 375.576, 391.92
846.016, 2808.08, 87.7525, 2432.54, 375.544, 391.92
847.015, 2808.08, 87.7525, 2432.54, 375.544, 391.92
847.015, 2808.08, 87.7525, 2432.64, 375.44, 391.92
848.015, 2808.08, 87.7525, 2432.64, 375.44, 391.92
848.015, 2808.08, 87.7525, 2432.72, 375.36, 391.92
849.015, 2808.08, 87.7525, 2432.72, 375.36, 391.92
849.015, 2808.08, 87.7525, 2432.79, 375.288, 391.92
850.015, 2808.08, 87.7525, 2432.79, 375.288, 391.92
850.015, 2808.09, 87.7527, 2432.74, 375.352, 391.912
851.016, 2808.09, 87.7527, 2432.74, 375.352, 391.912
851.016, 2808.09, 87.7527, 2432.5, 375.592, 391.912
852.015, 2808.09, 87.7527, 2432.5, 375.592, 391.912
852.015, 2808.09, 87.7527, 2432.26, 375.832, 391.912
853.016, 2808.09, 87.7527, 2432.26, 375.832, 391.912
853.016, 2808.09, 87.7527, 2432.29, 375.8, 391.912
854.016, 2808.09, 87.7527, 2432.29, 375.8, 391.912
854.016, 2808.09, 87.7527, 2432.1, 375.992, 391.912
855.015, 2808.09, 87.7527, 2432.1, 375.992, 391.912
855.015, 2808.09, 87.7527, 2431.94, 376.152, 391.912
856.018, 2808.09, 87.7527, 2431.94, 376.152, 391.912
856.018, 2808.09, 87.7527, 2431.74, 376.352, 391.912
857.016, 2808.09, 87.7527, 2431.74, 376.352, 391.912
857.016, 2808.09, 87.7527, 2431.62, 376.472, 391.912
858.015, 2808.09, 87.7527, 2431.62, 376.472, 391.912
858.015, 2808.09, 87.7527, 2431.23, 376.856, 391.912
859.015, 2808.09, 87.7527, 2431.23, 376.856, 391.912
859.015, 2808.09, 87.7527, 2431.02, 377.072, 391.912
860.018, 2808.09, 87.7527, 2431.02, 377.072, 391.912
860.018, 2808.09, 87.7527, 2430.98, 377.112, 391.912
861.016, 2808.09, 87.7527, 2430.98, 377.112, 391.912
861.016, 2808.09, 87.7527, 2430.95, 377.136, 391.912
862.019, 2808.09, 87.7527, 2430.95, 377.136, 391.912
862.019, 2808.09, 87.7527, 2431.03, 377.056, 391.912
863.017, 2808.09, 87.7527, 2431.03, 377.056, 391.912
863.017, 2808.09, 87.7527, 2431.02, 377.072, 391.912
864.015, 2808.09, 87.7527, 2431.02, 377.072, 391.912
864.015, 2808.09, 87.7527, 2430.96, 377.128, 391.912
865.015, 2808.09, 87.7527, 2430.96, 377.128, 391.912
865.015, 2808.09, 87.7527, 2430.98, 377.112, 391.912
866.015, 2808.09, 87.7527, 2430.98, 377.112, 391.912
866.015, 2808.09, 87.7527, 2430.9, 377.184, 391.912
867.017, 2808.09, 87.7527, 2430.9, 377.184, 391.912
867.017, 2808.09, 87.7527, 2430.86, 377.224, 391.912
868.015, 2808.09, 87.7527, 2430.86, 377.224, 391.912
868.015, 2808.09, 87.7527, 2430.89, 377.2, 391.912
869.016, 2808.09, 87.7527, 2430.89, 377.2, 391.912
869.016, 2808.09, 87.7527, 2430.9, 377.192, 391.912
870.017, 2808.09, 87.7527, 2430.9, 377.192, 391.912
870.017, 2808.09, 87.7527, 2430.98, 377.112, 391.912
871.016, 2808.09, 87.7527, 2430.98, 377.112, 391.912
871.016, 2808.09, 87.7527, 2431.01, 377.08, 391.912
872.016, 2808.09, 87.7527, 2431.01, 377.08, 391.912
872.016, 2808.09, 87.7527, 2431.1, 376.992, 391.912
873.015, 2808.09, 87.7527, 2431.1, 376.992, 391.912
873.015, 2808.09, 87.7527, 2430.96, 377.128, 391.912
874.017, 2808.09, 87.7527, 2430.96, 377.128, 391.912
874.017, 2808.09, 87.7527, 2430.88, 377.208, 391.912
875.016, 2808.09, 87.7527, 2430.88, 377.208, 391.912
875.016, 2808.09, 87.7527, 2430.86, 377.232, 391.912
876.016, 2808.09, 87.7527, 2430.86, 377.232, 391.912
876.016, 2808.09, 87.7527, 2430.86, 377.232, 391.912
877.017, 2808.09, 87.7527, 2430.86, 377.232, 391.912
877.017, 2808.09, 87.7527, 2430.86, 377.232, 391.912
878.017, 2808.09, 87.7527, 2430.86, 377.232, 391.912
878.017, 2808.09, 87.7527, 2430.86, 377.232, 391.912
879.015, 2808.09, 87.7527, 2430.86, 377.232, 391.912
879.015, 2808.09, 87.7527, 2430.86, 377.232, 391.912
880.015, 2808.09, 87.7527, 2430.86, 377.232, 391.912
880.015, 2808.09, 87.7527, 2430.86, 377.232, 391.912
881.017, 2808.09, 87.7527, 2430.86, 377.232, 391.912
881.017, 2808.09, 87.7527, 2430.86, 377.232, 391.912
882.016, 2808.09, 87.7527, 2430.86, 377.232, 391.912
882.016, 2808.09, 87.7527, 2430.86, 377.232, 391.912
883.015, 2808.09, 87.7527, 2430.86, 377.232, 391.912
883.015, 2808.09, 87.7527, 2430.86, 377.232, 391.912
884.017, 2808.09, 87.7527, 2430.86, 377.232, 391.912
884.017, 2808.09, 87.7527, 2430.89, 377.2, 391.912
885.016, 2808.09, 87.7527, 2430.89, 377.2, 391.912
885.016, 2808.09, 87.7527, 2430.93, 377.16, 391.912
886.016, 2808.09, 87.7527, 2430.93, 377.16, 391.912
886.016, 2808.09, 87.7527, 2430.87, 377.216, 391.912
887.015, 2808.09, 87.7527, 2430.87, 377.216, 391.912
887.015, 2808.09, 87.7527, 2430.78, 377.304, 391.912
888.015, 2808.09, 87.7527, 2430.78, 377.304, 391.912
888.015, 2808.09, 87.7527, 2430.74, 377.344, 391.912
889.017, 2808.09, 87.7527, 2430.74, 377.344, 391.912
889.017, 2808.09, 87.7527, 2430.9, 377.192, 391.912
890.018, 2808.09, 87.7527, 2430.9, 377.192, 391.912
890.018, 2808.09, 87.7527, 2431.18, 376.904, 391.912
891.017, 2808.09, 87.7527, 2431.18, 376.904, 391.912
891.017, 2808.09, 87.7527, 2431.11, 376.976, 391.912
892.016, 2808.09, 87.7527, 2431.11, 376.976, 391.912
892.016, 2808.09, 87.7527, 2430.88, 377.208, 391.912
893.016, 2808.09, 87.7527, 2430.88, 377.208, 391.912
893.016, 2808.09, 87.7527, 2430.84, 377.248, 391.912
894.016, 2808.09, 87.7527, 2430.84, 377.248, 391.912
894.016, 2808.09, 87.7527, 2430.7, 377.384, 391.912
895.016, 2808.09, 87.7527, 2430.7, 377.384, 391.912
895.016, 2808.09, 87.7527, 2430.5, 377.584, 391.912
896.016, 2808.09, 87.7527, 2430.5, 377.584, 391.912
896.016, 2808.09, 87.7527, 2430.49, 377.6, 391.912
897.017, 2808.09, 87.7527, 2430.49, 377.6, 391.912
897.017, 2808.09, 87.7527, 2430.46, 377.632, 391.912
898.016, 2808.09, 87.7527, 2430.46, 377.632, 391.912
898.016, 2808.09, 87.7527, 2430.44, 377.648, 391.912
899.017, 2808.09, 87.7527, 2430.44, 377.648, 391.912
899.017, 2808.09, 87.7527, 2430.39, 377.696, 391.912
900.015, 2808.09, 87.7527, 2430.39, 377.696, 391.912
900.015, 2808.09, 87.7527, 2430.4, 377.688, 391.912
901.016, 2808.09, 87.7527, 2430.4, 377.688, 391.912
901.016, 2808.09, 87.7527, 2430.38, 377.704, 391.912
902.016, 2808.09, 87.7527, 2430.38, 377.704, 391.912
